Gradients
=========

Gradient_a (10 x 3)
Gradient_a[0] = 0.000374183 0.000256728 0.000782085
Gradient_a[1] = 0.000200511 -0.000277477 0.000625577
Gradient_a[2] = -0.000312373 0.000478451 -0.00104969
Gradient_a[3] = 0.000444716 0.000178085 -0.000914514
Gradient_a[4] = 0.000109475 -7.77262e-05 0.000458421
Gradient_a[5] = -0.000996879 0.000904145 -2.76228e-05
Gradient_a[6] = 0.000505363 -0.000645393 -1.94904e-05
Gradient_a[7] = 0.000314766 0.0012346 0.000221611
Gradient_a[8] = 0.000295837 9.0785e-05 -0.000409078
Gradient_a[9] = 0.000409813 8.20058e-05 -0.000464697

Gradient_b (4)
Gradient_b = 2.98875e-06 2.98875e-06 2.98875e-06 2.98875e-06

Gradient_W (10 x 3 x 4)
Gradient_W[0] =
  0.00016887 0.00016887 0.00016887 0.00016887
  0.000116318 0.000116318 0.000116318 0.000116318
  0.000354914 0.000354914 0.000354914 0.000354914

Gradient_W[1] =
  9.08047e-05 9.08047e-05 9.08047e-05 9.08047e-05
  -0.00012426 -0.00012426 -0.00012426 -0.00012426
  0.000284248 0.000284248 0.000284248 0.000284248

Gradient_W[2] =
  -0.000140325 -0.000140325 -0.000140325 -0.000140325
  0.000215986 0.000215986 0.000215986 0.000215986
  -0.000469259 -0.000469259 -0.000469259 -0.000469259

Gradient_W[3] =
  0.000200703 0.000200703 0.000200703 0.000200703
  8.08768e-05 8.08768e-05 8.08768e-05 8.08768e-05
  -0.000408642 -0.000408642 -0.000408642 -0.000408642

Gradient_W[4] =
  4.97152e-05 4.97152e-05 4.97152e-05 4.97152e-05
  -3.43493e-05 -3.43493e-05 -3.43493e-05 -3.43493e-05
  0.000208979 0.000208979 0.000208979 0.000208979

Gradient_W[5] =
  -0.000448031 -0.000448031 -0.000448031 -0.000448031
  0.000407761 0.000407761 0.000407761 0.000407761
  -9.36505e-06 -9.36505e-06 -9.36505e-06 -9.36505e-06

Gradient_W[6] =
  0.000227997 0.000227997 0.000227997 0.000227997
  -0.00029001 -0.00029001 -0.00029001 -0.00029001
  -6.05263e-06 -6.05263e-06 -6.05263e-06 -6.05263e-06

Gradient_W[7] =
  0.000142049 0.000142049 0.000142049 0.000142049
  0.000556385 0.000556385 0.000556385 0.000556385
  0.000102708 0.000102708 0.000102708 0.000102708

Gradient_W[8] =
  0.00013362 0.00013362 0.00013362 0.00013362
  4.134e-05 4.134e-05 4.134e-05 4.134e-05
  -0.000181459 -0.000181459 -0.000181459 -0.000181459

Gradient_W[9] =
  0.000185114 0.000185114 0.000185114 0.000185114
  3.73243e-05 3.73243e-05 3.73243e-05 3.73243e-05
  -0.000206486 -0.000206486 -0.000206486 -0.000206486

