Gradients
=========

Gradient_a (50 x 3)
Gradient_a[0] = 0.0149298 -0.00184564 0.0444051
Gradient_a[1] = -0.00260607 0.00698112 0.0742034
Gradient_a[2] = 0.00404978 -0.0110599 0.0478701
Gradient_a[3] = 0.0124077 0.00231685 -0.0588777
Gradient_a[4] = 0.00506611 -0.0092429 -0.00105602
Gradient_a[5] = 0.0150861 0.00445434 -0.0399953
Gradient_a[6] = 0.00758715 -0.00478083 -0.0272644
Gradient_a[7] = 0.00293672 -0.00753923 -0.0203123
Gradient_a[8] = 0.00609514 0.0135854 0.0380258
Gradient_a[9] = 0.000156961 0.00190712 0.000951257
Gradient_a[10] = 0.0158778 0.0104152 -0.0479469
Gradient_a[11] = 0.019107 -0.00752604 0.0755896
Gradient_a[12] = -0.0116245 -0.0137751 0.0179472
Gradient_a[13] = 0.00430757 -0.00170385 0.00398337
Gradient_a[14] = -0.0023859 0.00264756 -0.024731
Gradient_a[15] = -0.0140184 -0.0126435 0.0073158
Gradient_a[16] = -0.00274177 0.00566048 -0.0266847
Gradient_a[17] = -0.0204758 0.00301592 0.0334831
Gradient_a[18] = -0.0128229 -0.00899135 -0.0232852
Gradient_a[19] = -0.00427937 0.0102456 -0.0143521
Gradient_a[20] = 0.00809736 0.0069306 -0.00399276
Gradient_a[21] = -0.0132185 0.00985942 0.00203292
Gradient_a[22] = 0.0130301 0.0072367 -0.0125007
Gradient_a[23] = -0.00931189 -0.0221417 -0.0110283
Gradient_a[24] = -0.0122163 -0.00473567 0.049287
Gradient_a[25] = 0.00259953 -0.00758572 0.00665469
Gradient_a[26] = 0.0206579 -0.0105843 0.0194602
Gradient_a[27] = -0.00366903 0.0157093 0.0177354
Gradient_a[28] = -0.000136496 0.00296991 0.0748239
Gradient_a[29] = 0.00299395 -0.0148642 0.0269613
Gradient_a[30] = 0.00220353 -0.000247657 0.0572923
Gradient_a[31] = -0.0168412 -0.0251612 0.0357326
Gradient_a[32] = 0.00754556 -0.0137027 0.0104246
Gradient_a[33] = -0.00502606 -0.0120477 -0.0138073
Gradient_a[34] = 0.00315903 -0.0172866 0.012982
Gradient_a[35] = -0.0128282 0.00481609 0.030609
Gradient_a[36] = 0.0114712 -0.0148512 -0.0370959
Gradient_a[37] = 0.017247 0.00822103 0.0103917
Gradient_a[38] = 0.00979919 0.00453106 -0.00687757
Gradient_a[39] = -0.0117047 -0.0153124 -0.0312172
Gradient_a[40] = -0.0103808 0.00199827 -0.0294912
Gradient_a[41] = 0.0161208 -0.0157829 0.014383
Gradient_a[42] = -0.00697077 0.0116072 0.0566589
Gradient_a[43] = 0.00103527 -0.0109536 0.0575229
Gradient_a[44] = 0.0142126 0.00279671 -0.0569366
Gradient_a[45] = -0.000292468 -0.00856551 0.0420518
Gradient_a[46] = -0.00977079 0.0254751 0.0154235
Gradient_a[47] = 0.00097856 -0.00338167 -0.0146464
Gradient_a[48] = -0.00949049 -0.010748 -0.0245363
Gradient_a[49] = 0.00484083 0.00644397 -0.00624419

Gradient_b (4)
Gradient_b = 0.00175 0.00175 0.00175 0.00175

Gradient_W (50 x 3 x 4)
Gradient_W[0] =
  0.00552766 0.00552766 0.00552766 0.00552766
  -0.000785467 -0.000785467 -0.000785467 -0.000785467
  0.0162834 0.0162834 0.0162834 0.0162834

Gradient_W[1] =
  -0.000892651 -0.000892651 -0.000892651 -0.000892651
  0.00257488 0.00257488 0.00257488 0.00257488
  0.0272624 0.0272624 0.0272624 0.0272624

Gradient_W[2] =
  0.00134426 0.00134426 0.00134426 0.00134426
  -0.00398934 -0.00398934 -0.00398934 -0.00398934
  0.0174841 0.0174841 0.0174841 0.0174841

Gradient_W[3] =
  0.00446188 0.00446188 0.00446188 0.00446188
  0.00100656 0.00100656 0.00100656 0.00100656
  -0.0215628 -0.0215628 -0.0215628 -0.0215628

Gradient_W[4] =
  0.0019709 0.0019709 0.0019709 0.0019709
  -0.00337167 -0.00337167 -0.00337167 -0.00337167
  -0.00021249 -0.00021249 -0.00021249 -0.00021249

Gradient_W[5] =
  0.00550692 0.00550692 0.00550692 0.00550692
  0.00159394 0.00159394 0.00159394 0.00159394
  -0.0145249 -0.0145249 -0.0145249 -0.0145249

Gradient_W[6] =
  0.00287149 0.00287149 0.00287149 0.00287149
  -0.00171473 -0.00171473 -0.00171473 -0.00171473
  -0.00983116 -0.00983116 -0.00983116 -0.00983116

Gradient_W[7] =
  0.00111523 0.00111523 0.00111523 0.00111523
  -0.0027487 -0.0027487 -0.0027487 -0.0027487
  -0.00718696 -0.00718696 -0.00718696 -0.00718696

Gradient_W[8] =
  0.00217868 0.00217868 0.00217868 0.00217868
  0.00499865 0.00499865 0.00499865 0.00499865
  0.0138562 0.0138562 0.0138562 0.0138562

Gradient_W[9] =
  -6.24468e-05 -6.24468e-05 -6.24468e-05 -6.24468e-05
  0.000691429 0.000691429 0.000691429 0.000691429
  0.000638086 0.000638086 0.000638086 0.000638086

Gradient_W[10] =
  0.00583734 0.00583734 0.00583734 0.00583734
  0.00390687 0.00390687 0.00390687 0.00390687
  -0.0174149 -0.0174149 -0.0174149 -0.0174149

Gradient_W[11] =
  0.00699729 0.00699729 0.00699729 0.00699729
  -0.0027471 -0.0027471 -0.0027471 -0.0027471
  0.0275648 0.0275648 0.0275648 0.0275648

Gradient_W[12] =
  -0.00426236 -0.00426236 -0.00426236 -0.00426236
  -0.0050869 -0.0050869 -0.0050869 -0.0050869
  0.00658183 0.00658183 0.00658183 0.00658183

Gradient_W[13] =
  0.00152913 0.00152913 0.00152913 0.00152913
  -0.000647594 -0.000647594 -0.000647594 -0.000647594
  0.00142839 0.00142839 0.00142839 0.00142839

Gradient_W[14] =
  -0.00090769 -0.00090769 -0.00090769 -0.00090769
  0.00113738 0.00113738 0.00113738 0.00113738
  -0.00868999 -0.00868999 -0.00868999 -0.00868999

Gradient_W[15] =
  -0.00510325 -0.00510325 -0.00510325 -0.00510325
  -0.00468818 -0.00468818 -0.00468818 -0.00468818
  0.00267258 0.00267258 0.00267258 0.00267258

Gradient_W[16] =
  -0.00102893 -0.00102893 -0.00102893 -0.00102893
  0.00190659 0.00190659 0.00190659 0.00190659
  -0.00985836 -0.00985836 -0.00985836 -0.00985836

Gradient_W[17] =
  -0.00746556 -0.00746556 -0.00746556 -0.00746556
  0.00107576 0.00107576 0.00107576 0.00107576
  0.0123991 0.0123991 0.0123991 0.0123991

Gradient_W[18] =
  -0.00474881 -0.00474881 -0.00474881 -0.00474881
  -0.00323973 -0.00323973 -0.00323973 -0.00323973
  -0.00848296 -0.00848296 -0.00848296 -0.00848296

Gradient_W[19] =
  -0.00153174 -0.00153174 -0.00153174 -0.00153174
  0.00381422 0.00381422 0.00381422 0.00381422
  -0.00506763 -0.00506763 -0.00506763 -0.00506763

Gradient_W[20] =
  0.00302686 0.00302686 0.00302686 0.00302686
  0.00257384 0.00257384 0.00257384 0.00257384
  -0.00131633 -0.00131633 -0.00131633 -0.00131633

Gradient_W[21] =
  -0.00483329 -0.00483329 -0.00483329 -0.00483329
  0.0035257 0.0035257 0.0035257 0.0035257
  0.000907288 0.000907288 0.000907288 0.000907288

Gradient_W[22] =
  0.00490875 0.00490875 0.00490875 0.00490875
  0.00263949 0.00263949 0.00263949 0.00263949
  -0.00463495 -0.00463495 -0.00463495 -0.00463495

Gradient_W[23] =
  -0.00332677 -0.00332677 -0.00332677 -0.00332677
  -0.0081079 -0.0081079 -0.0081079 -0.0081079
  -0.00395735 -0.00395735 -0.00395735 -0.00395735

Gradient_W[24] =
  -0.00454265 -0.00454265 -0.00454265 -0.00454265
  -0.00170524 -0.00170524 -0.00170524 -0.00170524
  0.0181133 0.0181133 0.0181133 0.0181133

Gradient_W[25] =
  0.000887842 0.000887842 0.000887842 0.000887842
  -0.00286569 -0.00286569 -0.00286569 -0.00286569
  0.00241347 0.00241347 0.00241347 0.00241347

Gradient_W[26] =
  0.0075207 0.0075207 0.0075207 0.0075207
  -0.00383389 -0.00383389 -0.00383389 -0.00383389
  0.00693333 0.00693333 0.00693333 0.00693333

Gradient_W[27] =
  -0.00134124 -0.00134124 -0.00134124 -0.00134124
  0.00574215 0.00574215 0.00574215 0.00574215
  0.00655724 0.00655724 0.00655724 0.00655724

Gradient_W[28] =
  0.000101519 0.000101519 0.000101519 0.000101519
  0.00112423 0.00112423 0.00112423 0.00112423
  0.0273785 0.0273785 0.0273785 0.0273785

Gradient_W[29] =
  0.00120617 0.00120617 0.00120617 0.00120617
  -0.00536393 -0.00536393 -0.00536393 -0.00536393
  0.00984258 0.00984258 0.00984258 0.00984258

Gradient_W[30] =
  0.000929179 0.000929179 0.000929179 0.000929179
  -8.61974e-06 -8.61974e-06 -8.61974e-06 -8.61974e-06
  0.0208107 0.0208107 0.0208107 0.0208107

Gradient_W[31] =
  -0.00627105 -0.00627105 -0.00627105 -0.00627105
  -0.00918595 -0.00918595 -0.00918595 -0.00918595
  0.0130375 0.0130375 0.0130375 0.0130375

Gradient_W[32] =
  0.00268033 0.00268033 0.00268033 0.00268033
  -0.00498353 -0.00498353 -0.00498353 -0.00498353
  0.0039599 0.0039599 0.0039599 0.0039599

Gradient_W[33] =
  -0.00182067 -0.00182067 -0.00182067 -0.00182067
  -0.00447312 -0.00447312 -0.00447312 -0.00447312
  -0.00510036 -0.00510036 -0.00510036 -0.00510036

Gradient_W[34] =
  0.00123877 0.00123877 0.00123877 0.00123877
  -0.00628622 -0.00628622 -0.00628622 -0.00628622
  0.00466163 0.00466163 0.00466163 0.00466163

Gradient_W[35] =
  -0.00448603 -0.00448603 -0.00448603 -0.00448603
  0.00167051 0.00167051 0.00167051 0.00167051
  0.0112011 0.0112011 0.0112011 0.0112011

Gradient_W[36] =
  0.00423629 0.00423629 0.00423629 0.00423629
  -0.00533119 -0.00533119 -0.00533119 -0.00533119
  -0.0133676 -0.0133676 -0.0133676 -0.0133676

Gradient_W[37] =
  0.00622665 0.00622665 0.00622665 0.00622665
  0.0029728 0.0029728 0.0029728 0.0029728
  0.00378299 0.00378299 0.00378299 0.00378299

Gradient_W[38] =
  0.0036478 0.0036478 0.0036478 0.0036478
  0.00168878 0.00168878 0.00168878 0.00168878
  -0.00250102 -0.00250102 -0.00250102 -0.00250102

Gradient_W[39] =
  -0.00436741 -0.00436741 -0.00436741 -0.00436741
  -0.00565029 -0.00565029 -0.00565029 -0.00565029
  -0.0112491 -0.0112491 -0.0112491 -0.0112491

Gradient_W[40] =
  -0.00384608 -0.00384608 -0.00384608 -0.00384608
  0.000621651 0.000621651 0.000621651 0.000621651
  -0.0107212 -0.0107212 -0.0107212 -0.0107212

Gradient_W[41] =
  0.0059482 0.0059482 0.0059482 0.0059482
  -0.0059398 -0.0059398 -0.0059398 -0.0059398
  0.00531008 0.00531008 0.00531008 0.00531008

Gradient_W[42] =
  -0.00258214 -0.00258214 -0.00258214 -0.00258214
  0.00433527 0.00433527 0.00433527 0.00433527
  0.0207617 0.0207617 0.0207617 0.0207617

Gradient_W[43] =
  0.00041972 0.00041972 0.00041972 0.00041972
  -0.00404795 -0.00404795 -0.00404795 -0.00404795
  0.0209801 0.0209801 0.0209801 0.0209801

Gradient_W[44] =
  0.00531501 0.00531501 0.00531501 0.00531501
  0.00104375 0.00104375 0.00104375 0.00104375
  -0.0206591 -0.0206591 -0.0206591 -0.0206591

Gradient_W[45] =
  7.0511e-05 7.0511e-05 7.0511e-05 7.0511e-05
  -0.00305203 -0.00305203 -0.00305203 -0.00305203
  0.0153472 0.0153472 0.0153472 0.0153472

Gradient_W[46] =
  -0.0037367 -0.0037367 -0.0037367 -0.0037367
  0.00927376 0.00927376 0.00927376 0.00927376
  0.00567827 0.00567827 0.00567827 0.00567827

Gradient_W[47] =
  0.000309211 0.000309211 0.000309211 0.000309211
  -0.00127933 -0.00127933 -0.00127933 -0.00127933
  -0.00530881 -0.00530881 -0.00530881 -0.00530881

Gradient_W[48] =
  -0.00344683 -0.00344683 -0.00344683 -0.00344683
  -0.0040363 -0.0040363 -0.0040363 -0.0040363
  -0.00890697 -0.00890697 -0.00890697 -0.00890697

Gradient_W[49] =
  0.00183836 0.00183836 0.00183836 0.00183836
  0.00237475 0.00237475 0.00237475 0.00237475
  -0.00215762 -0.00215762 -0.00215762 -0.00215762

