Gradients
=========

Gradient_a (10 x 3)
Gradient_a[0] = 0.0266787 0.039668 -0.371539
Gradient_a[1] = 0.0845645 0.0761187 -0.0710398
Gradient_a[2] = -0.028827 -0.0115533 -0.145155
Gradient_a[3] = -0.00696136 -0.0291718 -0.0814212
Gradient_a[4] = 0.0515077 0.0336465 -0.174111
Gradient_a[5] = 0.0737245 -0.0520442 -0.096806
Gradient_a[6] = -0.0169037 0.134829 0.318716
Gradient_a[7] = -0.082177 -0.0108485 -0.185028
Gradient_a[8] = 0.0183706 0.0687281 -0.0836621
Gradient_a[9] = -0.0475383 -5.54088e-05 -0.0445423

Gradient_b (8)
Gradient_b = -0.00723645 -0.00723645 -0.00723645 -0.00723645 -0.00723645 -0.00723645 -0.00723645 -0.00723645

Gradient_W (10 x 3 x 8)
Gradient_W[0] =
  0.0214681 0.0214681 0.0214681 0.0214681 0.0214681 0.0214681 0.0214681 0.0214681
  0.0338457 0.0338457 0.0338457 0.0338457 0.0338457 0.0338457 0.0338457 0.0338457
  -0.323652 -0.323652 -0.323652 -0.323652 -0.323652 -0.323652 -0.323652 -0.323652

Gradient_W[1] =
  0.0736354 0.0736354 0.0736354 0.0736354 0.0736354 0.0736354 0.0736354 0.0736354
  0.0676669 0.0676669 0.0676669 0.0676669 0.0676669 0.0676669 0.0676669 0.0676669
  -0.0671703 -0.0671703 -0.0671703 -0.0671703 -0.0671703 -0.0671703 -0.0671703 -0.0671703

Gradient_W[2] =
  -0.0220638 -0.0220638 -0.0220638 -0.0220638 -0.0220638 -0.0220638 -0.0220638 -0.0220638
  -0.0055925 -0.0055925 -0.0055925 -0.0055925 -0.0055925 -0.0055925 -0.0055925 -0.0055925
  -0.13773 -0.13773 -0.13773 -0.13773 -0.13773 -0.13773 -0.13773 -0.13773

Gradient_W[3] =
  -0.00130849 -0.00130849 -0.00130849 -0.00130849 -0.00130849 -0.00130849 -0.00130849 -0.00130849
  -0.0267886 -0.0267886 -0.0267886 -0.0267886 -0.0267886 -0.0267886 -0.0267886 -0.0267886
  -0.0736355 -0.0736355 -0.0736355 -0.0736355 -0.0736355 -0.0736355 -0.0736355 -0.0736355

Gradient_W[4] =
  0.0468384 0.0468384 0.0468384 0.0468384 0.0468384 0.0468384 0.0468384 0.0468384
  0.0293846 0.0293846 0.0293846 0.0293846 0.0293846 0.0293846 0.0293846 0.0293846
  -0.156372 -0.156372 -0.156372 -0.156372 -0.156372 -0.156372 -0.156372 -0.156372

Gradient_W[5] =
  0.0637253 0.0637253 0.0637253 0.0637253 0.0637253 0.0637253 0.0637253 0.0637253
  -0.0399264 -0.0399264 -0.0399264 -0.0399264 -0.0399264 -0.0399264 -0.0399264 -0.0399264
  -0.0877829 -0.0877829 -0.0877829 -0.0877829 -0.0877829 -0.0877829 -0.0877829 -0.0877829

Gradient_W[6] =
  -0.0130139 -0.0130139 -0.0130139 -0.0130139 -0.0130139 -0.0130139 -0.0130139 -0.0130139
  0.123295 0.123295 0.123295 0.123295 0.123295 0.123295 0.123295 0.123295
  0.284526 0.284526 0.284526 0.284526 0.284526 0.284526 0.284526 0.284526

Gradient_W[7] =
  -0.0713194 -0.0713194 -0.0713194 -0.0713194 -0.0713194 -0.0713194 -0.0713194 -0.0713194
  -0.0155049 -0.0155049 -0.0155049 -0.0155049 -0.0155049 -0.0155049 -0.0155049 -0.0155049
  -0.168725 -0.168725 -0.168725 -0.168725 -0.168725 -0.168725 -0.168725 -0.168725

Gradient_W[8] =
  0.0192139 0.0192139 0.0192139 0.0192139 0.0192139 0.0192139 0.0192139 0.0192139
  0.0619385 0.0619385 0.0619385 0.0619385 0.0619385 0.0619385 0.0619385 0.0619385
  -0.0797718 -0.0797718 -0.0797718 -0.0797718 -0.0797718 -0.0797718 -0.0797718 -0.0797718

Gradient_W[9] =
  -0.0368075 -0.0368075 -0.0368075 -0.0368075 -0.0368075 -0.0368075 -0.0368075 -0.0368075
  0.000382379 0.000382379 0.000382379 0.000382379 0.000382379 0.000382379 0.000382379 0.000382379
  -0.0395169 -0.0395169 -0.0395169 -0.0395169 -0.0395169 -0.0395169 -0.0395169 -0.0395169

