Gradients
=========

Gradient_a (50 x 3)
Gradient_a[0] = -0.165192 1.69991 -0.0100735
Gradient_a[1] = 1.71648 1.44118 -0.27993
Gradient_a[2] = 0.664912 -0.925239 -1.06622
Gradient_a[3] = -0.81195 0.659576 -0.440728
Gradient_a[4] = -1.05154 0.458521 2.00974
Gradient_a[5] = 0.932829 0.0799503 1.56761
Gradient_a[6] = -1.73905 -0.663582 2.49283
Gradient_a[7] = -1.45913 -1.97518 -1.05269
Gradient_a[8] = 0.362712 -1.47967 0.280435
Gradient_a[9] = -0.811131 0.788255 0.759166
Gradient_a[10] = 2.10259 -0.260502 1.10694
Gradient_a[11] = 2.2787 -0.139288 1.97222
Gradient_a[12] = 1.43539 2.04572 -2.95888
Gradient_a[13] = 0.190089 0.781569 -1.53895
Gradient_a[14] = -0.148197 1.61526 -2.98433
Gradient_a[15] = -1.11651 0.294361 -1.43086
Gradient_a[16] = -1.95576 0.305138 -0.984622
Gradient_a[17] = -0.542158 1.84916 1.2808
Gradient_a[18] = -0.573983 -1.94499 0.916309
Gradient_a[19] = 2.28591 -0.283928 -1.27323
Gradient_a[20] = -0.559821 1.58867 1.65053
Gradient_a[21] = -0.12701 -0.703148 -1.66615
Gradient_a[22] = 0.854164 -1.29485 1.56444
Gradient_a[23] = -0.635393 -1.60054 -0.332566
Gradient_a[24] = -1.0746 -0.727256 -0.483576
Gradient_a[25] = 1.13658 -1.09578 0.140732
Gradient_a[26] = -1.5183 -1.05644 -1.06729
Gradient_a[27] = -0.863037 1.40466 0.0648011
Gradient_a[28] = -0.957459 -0.79131 0.695682
Gradient_a[29] = 0.262752 -0.859807 1.41976
Gradient_a[30] = 1.22178 1.38852 -2.45654
Gradient_a[31] = -0.383589 1.08805 0.272031
Gradient_a[32] = 0.171186 -1.12426 1.67019
Gradient_a[33] = 1.89555 2.30897 0.109965
Gradient_a[34] = -1.2896 -0.984953 -0.395141
Gradient_a[35] = 0.634415 -1.62448 1.34881
Gradient_a[36] = -1.65218 -0.241412 -0.272678
Gradient_a[37] = 0.772524 -1.46212 1.34124
Gradient_a[38] = 0.942659 -1.53081 -2.61744
Gradient_a[39] = 1.38395 1.75632 -1.111
Gradient_a[40] = 0.0983552 1.54183 0.702135
Gradient_a[41] = -1.72275 1.18403 -0.432279
Gradient_a[42] = -1.53167 1.64884 1.07758
Gradient_a[43] = 2.14792 0.445922 1.5498
Gradient_a[44] = 1.18248 -1.25786 2.57587
Gradient_a[45] = -1.6553 0.902093 1.2719
Gradient_a[46] = -0.479885 -0.702677 0.814817
Gradient_a[47] = 1.752 -0.0446562 0.832493
Gradient_a[48] = -1.18613 0.714646 -2.034
Gradient_a[49] = 0.216692 2.10505 -0.92701

Gradient_b (8)
Gradient_b = -4.73062e-09 -4.73062e-09 -4.73062e-09 -4.73062e-09 -4.73062e-09 -4.73062e-09 -4.73062e-09 -4.73062e-09

Gradient_W (50 x 3 x 8)
Gradient_W[0] =
  -0.165192 -0.165192 -0.165192 -0.165192 -0.165192 -0.165192 -0.165192 -0.165192
  1.69991 1.69991 1.69991 1.69991 1.69991 1.69991 1.69991 1.69991
  -0.0100735 -0.0100735 -0.0100735 -0.0100735 -0.0100735 -0.0100735 -0.0100735 -0.0100735

Gradient_W[1] =
  1.71648 1.71648 1.71648 1.71648 1.71648 1.71648 1.71648 1.71648
  1.44118 1.44118 1.44118 1.44118 1.44118 1.44118 1.44118 1.44118
  -0.27993 -0.27993 -0.27993 -0.27993 -0.27993 -0.27993 -0.27993 -0.27993

Gradient_W[2] =
  0.664912 0.664912 0.664912 0.664912 0.664912 0.664912 0.664912 0.664912
  -0.925239 -0.925239 -0.925239 -0.925239 -0.925239 -0.925239 -0.925239 -0.925239
  -1.06622 -1.06622 -1.06622 -1.06622 -1.06622 -1.06622 -1.06622 -1.06622

Gradient_W[3] =
  -0.81195 -0.81195 -0.81195 -0.81195 -0.81195 -0.81195 -0.81195 -0.81195
  0.659576 0.659576 0.659576 0.659576 0.659576 0.659576 0.659576 0.659576
  -0.440728 -0.440728 -0.440728 -0.440728 -0.440728 -0.440728 -0.440728 -0.440728

Gradient_W[4] =
  -1.05154 -1.05154 -1.05154 -1.05154 -1.05154 -1.05154 -1.05154 -1.05154
  0.458521 0.458521 0.458521 0.458521 0.458521 0.458521 0.458521 0.458521
  2.00974 2.00974 2.00974 2.00974 2.00974 2.00974 2.00974 2.00974

Gradient_W[5] =
  0.932829 0.932829 0.932829 0.932829 0.932829 0.932829 0.932829 0.932829
  0.0799503 0.0799503 0.0799503 0.0799503 0.0799503 0.0799503 0.0799503 0.0799503
  1.56761 1.56761 1.56761 1.56761 1.56761 1.56761 1.56761 1.56761

Gradient_W[6] =
  -1.73905 -1.73905 -1.73905 -1.73905 -1.73905 -1.73905 -1.73905 -1.73905
  -0.663582 -0.663582 -0.663582 -0.663582 -0.663582 -0.663582 -0.663582 -0.663582
  2.49283 2.49283 2.49283 2.49283 2.49283 2.49283 2.49283 2.49283

Gradient_W[7] =
  -1.45913 -1.45913 -1.45913 -1.45913 -1.45913 -1.45913 -1.45913 -1.45913
  -1.97518 -1.97518 -1.97518 -1.97518 -1.97518 -1.97518 -1.97518 -1.97518
  -1.05269 -1.05269 -1.05269 -1.05269 -1.05269 -1.05269 -1.05269 -1.05269

Gradient_W[8] =
  0.362712 0.362712 0.362712 0.362712 0.362712 0.362712 0.362712 0.362712
  -1.47967 -1.47967 -1.47967 -1.47967 -1.47967 -1.47967 -1.47967 -1.47967
  0.280435 0.280435 0.280435 0.280435 0.280435 0.280435 0.280435 0.280435

Gradient_W[9] =
  -0.811131 -0.811131 -0.811131 -0.811131 -0.811131 -0.811131 -0.811131 -0.811131
  0.788255 0.788255 0.788255 0.788255 0.788255 0.788255 0.788255 0.788255
  0.759166 0.759166 0.759166 0.759166 0.759166 0.759166 0.759166 0.759166

Gradient_W[10] =
  2.10259 2.10259 2.10259 2.10259 2.10259 2.10259 2.10259 2.10259
  -0.260502 -0.260502 -0.260502 -0.260502 -0.260502 -0.260502 -0.260502 -0.260502
  1.10694 1.10694 1.10694 1.10694 1.10694 1.10694 1.10694 1.10694

Gradient_W[11] =
  2.2787 2.2787 2.2787 2.2787 2.2787 2.2787 2.2787 2.2787
  -0.139288 -0.139288 -0.139288 -0.139288 -0.139288 -0.139288 -0.139288 -0.139288
  1.97222 1.97222 1.97222 1.97222 1.97222 1.97222 1.97222 1.97222

Gradient_W[12] =
  1.43539 1.43539 1.43539 1.43539 1.43539 1.43539 1.43539 1.43539
  2.04572 2.04572 2.04572 2.04572 2.04572 2.04572 2.04572 2.04572
  -2.95888 -2.95888 -2.95888 -2.95888 -2.95888 -2.95888 -2.95888 -2.95888

Gradient_W[13] =
  0.190089 0.190089 0.190089 0.190089 0.190089 0.190089 0.190089 0.190089
  0.781569 0.781569 0.781569 0.781569 0.781569 0.781569 0.781569 0.781569
  -1.53895 -1.53895 -1.53895 -1.53895 -1.53895 -1.53895 -1.53895 -1.53895

Gradient_W[14] =
  -0.148197 -0.148197 -0.148197 -0.148197 -0.148197 -0.148197 -0.148197 -0.148197
  1.61526 1.61526 1.61526 1.61526 1.61526 1.61526 1.61526 1.61526
  -2.98433 -2.98433 -2.98433 -2.98433 -2.98433 -2.98433 -2.98433 -2.98433

Gradient_W[15] =
  -1.11651 -1.11651 -1.11651 -1.11651 -1.11651 -1.11651 -1.11651 -1.11651
  0.294361 0.294361 0.294361 0.294361 0.294361 0.294361 0.294361 0.294361
  -1.43086 -1.43086 -1.43086 -1.43086 -1.43086 -1.43086 -1.43086 -1.43086

Gradient_W[16] =
  -1.95576 -1.95576 -1.95576 -1.95576 -1.95576 -1.95576 -1.95576 -1.95576
  0.305138 0.305138 0.305138 0.305138 0.305138 0.305138 0.305138 0.305138
  -0.984622 -0.984622 -0.984622 -0.984622 -0.984622 -0.984622 -0.984622 -0.984622

Gradient_W[17] =
  -0.542158 -0.542158 -0.542158 -0.542158 -0.542158 -0.542158 -0.542158 -0.542158
  1.84916 1.84916 1.84916 1.84916 1.84916 1.84916 1.84916 1.84916
  1.2808 1.2808 1.2808 1.2808 1.2808 1.2808 1.2808 1.2808

Gradient_W[18] =
  -0.573983 -0.573983 -0.573983 -0.573983 -0.573983 -0.573983 -0.573983 -0.573983
  -1.94499 -1.94499 -1.94499 -1.94499 -1.94499 -1.94499 -1.94499 -1.94499
  0.916309 0.916309 0.916309 0.916309 0.916309 0.916309 0.916309 0.916309

Gradient_W[19] =
  2.28591 2.28591 2.28591 2.28591 2.28591 2.28591 2.28591 2.28591
  -0.283928 -0.283928 -0.283928 -0.283928 -0.283928 -0.283928 -0.283928 -0.283928
  -1.27323 -1.27323 -1.27323 -1.27323 -1.27323 -1.27323 -1.27323 -1.27323

Gradient_W[20] =
  -0.559821 -0.559821 -0.559821 -0.559821 -0.559821 -0.559821 -0.559821 -0.559821
  1.58867 1.58867 1.58867 1.58867 1.58867 1.58867 1.58867 1.58867
  1.65053 1.65053 1.65053 1.65053 1.65053 1.65053 1.65053 1.65053

Gradient_W[21] =
  -0.12701 -0.12701 -0.12701 -0.12701 -0.12701 -0.12701 -0.12701 -0.12701
  -0.703148 -0.703148 -0.703148 -0.703148 -0.703148 -0.703148 -0.703148 -0.703148
  -1.66615 -1.66615 -1.66615 -1.66615 -1.66615 -1.66615 -1.66615 -1.66615

Gradient_W[22] =
  0.854164 0.854164 0.854164 0.854164 0.854164 0.854164 0.854164 0.854164
  -1.29485 -1.29485 -1.29485 -1.29485 -1.29485 -1.29485 -1.29485 -1.29485
  1.56444 1.56444 1.56444 1.56444 1.56444 1.56444 1.56444 1.56444

Gradient_W[23] =
  -0.635393 -0.635393 -0.635393 -0.635393 -0.635393 -0.635393 -0.635393 -0.635393
  -1.60054 -1.60054 -1.60054 -1.60054 -1.60054 -1.60054 -1.60054 -1.60054
  -0.332566 -0.332566 -0.332566 -0.332566 -0.332566 -0.332566 -0.332566 -0.332566

Gradient_W[24] =
  -1.0746 -1.0746 -1.0746 -1.0746 -1.0746 -1.0746 -1.0746 -1.0746
  -0.727256 -0.727256 -0.727256 -0.727256 -0.727256 -0.727256 -0.727256 -0.727256
  -0.483576 -0.483576 -0.483576 -0.483576 -0.483576 -0.483576 -0.483576 -0.483576

Gradient_W[25] =
  1.13658 1.13658 1.13658 1.13658 1.13658 1.13658 1.13658 1.13658
  -1.09578 -1.09578 -1.09578 -1.09578 -1.09578 -1.09578 -1.09578 -1.09578
  0.140732 0.140732 0.140732 0.140732 0.140732 0.140732 0.140732 0.140732

Gradient_W[26] =
  -1.5183 -1.5183 -1.5183 -1.5183 -1.5183 -1.5183 -1.5183 -1.5183
  -1.05644 -1.05644 -1.05644 -1.05644 -1.05644 -1.05644 -1.05644 -1.05644
  -1.06729 -1.06729 -1.06729 -1.06729 -1.06729 -1.06729 -1.06729 -1.06729

Gradient_W[27] =
  -0.863037 -0.863037 -0.863037 -0.863037 -0.863037 -0.863037 -0.863037 -0.863037
  1.40466 1.40466 1.40466 1.40466 1.40466 1.40466 1.40466 1.40466
  0.0648011 0.0648011 0.0648011 0.0648011 0.0648011 0.0648011 0.0648011 0.0648011

Gradient_W[28] =
  -0.957459 -0.957459 -0.957459 -0.957459 -0.957459 -0.957459 -0.957459 -0.957459
  -0.79131 -0.79131 -0.79131 -0.79131 -0.79131 -0.79131 -0.79131 -0.79131
  0.695682 0.695682 0.695682 0.695682 0.695682 0.695682 0.695682 0.695682

Gradient_W[29] =
  0.262752 0.262752 0.262752 0.262752 0.262752 0.262752 0.262752 0.262752
  -0.859807 -0.859807 -0.859807 -0.859807 -0.859807 -0.859807 -0.859807 -0.859807
  1.41976 1.41976 1.41976 1.41976 1.41976 1.41976 1.41976 1.41976

Gradient_W[30] =
  1.22178 1.22178 1.22178 1.22178 1.22178 1.22178 1.22178 1.22178
  1.38852 1.38852 1.38852 1.38852 1.38852 1.38852 1.38852 1.38852
  -2.45654 -2.45654 -2.45654 -2.45654 -2.45654 -2.45654 -2.45654 -2.45654

Gradient_W[31] =
  -0.383589 -0.383589 -0.383589 -0.383589 -0.383589 -0.383589 -0.383589 -0.383589
  1.08805 1.08805 1.08805 1.08805 1.08805 1.08805 1.08805 1.08805
  0.272031 0.272031 0.272031 0.272031 0.272031 0.272031 0.272031 0.272031

Gradient_W[32] =
  0.171186 0.171186 0.171186 0.171186 0.171186 0.171186 0.171186 0.171186
  -1.12426 -1.12426 -1.12426 -1.12426 -1.12426 -1.12426 -1.12426 -1.12426
  1.67019 1.67019 1.67019 1.67019 1.67019 1.67019 1.67019 1.67019

Gradient_W[33] =
  1.89555 1.89555 1.89555 1.89555 1.89555 1.89555 1.89555 1.89555
  2.30897 2.30897 2.30897 2.30897 2.30897 2.30897 2.30897 2.30897
  0.109965 0.109965 0.109965 0.109965 0.109965 0.109965 0.109965 0.109965

Gradient_W[34] =
  -1.2896 -1.2896 -1.2896 -1.2896 -1.2896 -1.2896 -1.2896 -1.2896
  -0.984953 -0.984953 -0.984953 -0.984953 -0.984953 -0.984953 -0.984953 -0.984953
  -0.395141 -0.395141 -0.395141 -0.395141 -0.395141 -0.395141 -0.395141 -0.395141

Gradient_W[35] =
  0.634415 0.634415 0.634415 0.634415 0.634415 0.634415 0.634415 0.634415
  -1.62448 -1.62448 -1.62448 -1.62448 -1.62448 -1.62448 -1.62448 -1.62448
  1.34881 1.34881 1.34881 1.34881 1.34881 1.34881 1.34881 1.34881

Gradient_W[36] =
  -1.65218 -1.65218 -1.65218 -1.65218 -1.65218 -1.65218 -1.65218 -1.65218
  -0.241412 -0.241412 -0.241412 -0.241412 -0.241412 -0.241412 -0.241412 -0.241412
  -0.272678 -0.272678 -0.272678 -0.272678 -0.272678 -0.272678 -0.272678 -0.272678

Gradient_W[37] =
  0.772524 0.772524 0.772524 0.772524 0.772524 0.772524 0.772524 0.772524
  -1.46212 -1.46212 -1.46212 -1.46212 -1.46212 -1.46212 -1.46212 -1.46212
  1.34124 1.34124 1.34124 1.34124 1.34124 1.34124 1.34124 1.34124

Gradient_W[38] =
  0.942659 0.942659 0.942659 0.942659 0.942659 0.942659 0.942659 0.942659
  -1.53081 -1.53081 -1.53081 -1.53081 -1.53081 -1.53081 -1.53081 -1.53081
  -2.61744 -2.61744 -2.61744 -2.61744 -2.61744 -2.61744 -2.61744 -2.61744

Gradient_W[39] =
  1.38395 1.38395 1.38395 1.38395 1.38395 1.38395 1.38395 1.38395
  1.75632 1.75632 1.75632 1.75632 1.75632 1.75632 1.75632 1.75632
  -1.111 -1.111 -1.111 -1.111 -1.111 -1.111 -1.111 -1.111

Gradient_W[40] =
  0.0983552 0.0983552 0.0983552 0.0983552 0.0983552 0.0983552 0.0983552 0.0983552
  1.54183 1.54183 1.54183 1.54183 1.54183 1.54183 1.54183 1.54183
  0.702135 0.702135 0.702135 0.702135 0.702135 0.702135 0.702135 0.702135

Gradient_W[41] =
  -1.72275 -1.72275 -1.72275 -1.72275 -1.72275 -1.72275 -1.72275 -1.72275
  1.18403 1.18403 1.18403 1.18403 1.18403 1.18403 1.18403 1.18403
  -0.432279 -0.432279 -0.432279 -0.432279 -0.432279 -0.432279 -0.432279 -0.432279

Gradient_W[42] =
  -1.53167 -1.53167 -1.53167 -1.53167 -1.53167 -1.53167 -1.53167 -1.53167
  1.64884 1.64884 1.64884 1.64884 1.64884 1.64884 1.64884 1.64884
  1.07758 1.07758 1.07758 1.07758 1.07758 1.07758 1.07758 1.07758

Gradient_W[43] =
  2.14792 2.14792 2.14792 2.14792 2.14792 2.14792 2.14792 2.14792
  0.445922 0.445922 0.445922 0.445922 0.445922 0.445922 0.445922 0.445922
  1.5498 1.5498 1.5498 1.5498 1.5498 1.5498 1.5498 1.5498

Gradient_W[44] =
  1.18248 1.18248 1.18248 1.18248 1.18248 1.18248 1.18248 1.18248
  -1.25786 -1.25786 -1.25786 -1.25786 -1.25786 -1.25786 -1.25786 -1.25786
  2.57587 2.57587 2.57587 2.57587 2.57587 2.57587 2.57587 2.57587

Gradient_W[45] =
  -1.6553 -1.6553 -1.6553 -1.6553 -1.6553 -1.6553 -1.6553 -1.6553
  0.902093 0.902093 0.902093 0.902093 0.902093 0.902093 0.902093 0.902093
  1.2719 1.2719 1.2719 1.2719 1.2719 1.2719 1.2719 1.2719

Gradient_W[46] =
  -0.479885 -0.479885 -0.479885 -0.479885 -0.479885 -0.479885 -0.479885 -0.479885
  -0.702677 -0.702677 -0.702677 -0.702677 -0.702677 -0.702677 -0.702677 -0.702677
  0.814817 0.814817 0.814817 0.814817 0.814817 0.814817 0.814817 0.814817

Gradient_W[47] =
  1.752 1.752 1.752 1.752 1.752 1.752 1.752 1.752
  -0.0446562 -0.0446562 -0.0446562 -0.0446562 -0.0446562 -0.0446562 -0.0446562 -0.0446562
  0.832493 0.832493 0.832493 0.832493 0.832493 0.832493 0.832493 0.832493

Gradient_W[48] =
  -1.18613 -1.18613 -1.18613 -1.18613 -1.18613 -1.18613 -1.18613 -1.18613
  0.714646 0.714646 0.714646 0.714646 0.714646 0.714646 0.714646 0.714646
  -2.034 -2.034 -2.034 -2.034 -2.034 -2.034 -2.034 -2.034

Gradient_W[49] =
  0.216692 0.216692 0.216692 0.216692 0.216692 0.216692 0.216692 0.216692
  2.10505 2.10505 2.10505 2.10505 2.10505 2.10505 2.10505 2.10505
  -0.92701 -0.92701 -0.92701 -0.92701 -0.92701 -0.92701 -0.92701 -0.92701

