Gradients
=========

Gradient_a (50 x 3)
Gradient_a[0] = 0.0916498 -0.088216 1.00095
Gradient_a[1] = -0.129896 0.674322 0.331739
Gradient_a[2] = 0.0238933 -0.579878 0.488068
Gradient_a[3] = -0.168914 0.0921974 -0.709432
Gradient_a[4] = 0.0335396 0.0721266 0.0343895
Gradient_a[5] = -0.358252 -0.330368 -0.334697
Gradient_a[6] = -0.0540024 -0.10709 -0.663583
Gradient_a[7] = -0.183267 0.0043562 -0.232069
Gradient_a[8] = 0.145923 0.0138746 0.126801
Gradient_a[9] = -0.446073 -0.0250501 -0.080911
Gradient_a[10] = -0.196596 -0.327743 1.2553
Gradient_a[11] = 0.346986 -0.561363 0.0755746
Gradient_a[12] = -0.273783 -0.0839016 -0.822017
Gradient_a[13] = 0.041036 -0.0995994 0.227129
Gradient_a[14] = 0.116395 0.0897112 0.455318
Gradient_a[15] = -0.0875236 -0.297915 -0.377125
Gradient_a[16] = -0.372728 0.197646 -0.524371
Gradient_a[17] = 0.30593 -0.202081 -0.104397
Gradient_a[18] = 0.180719 0.203823 0.15857
Gradient_a[19] = -0.184332 0.301316 0.267698
Gradient_a[20] = 0.312379 0.0623847 -0.466236
Gradient_a[21] = 0.0235301 0.35835 0.235274
Gradient_a[22] = -0.102322 0.662823 0.161377
Gradient_a[23] = 0.240384 0.357558 -0.120367
Gradient_a[24] = -0.495231 -0.206307 0.554626
Gradient_a[25] = -0.558221 0.234925 -0.573952
Gradient_a[26] = 0.439434 0.0113699 0.714878
Gradient_a[27] = 0.420618 0.353414 -0.0924291
Gradient_a[28] = -0.16037 0.173775 0.646617
Gradient_a[29] = 0.144128 -0.155935 0.005161
Gradient_a[30] = -0.261022 0.273332 -0.491521
Gradient_a[31] = -0.353181 0.0530981 0.542164
Gradient_a[32] = -0.380847 -0.247698 -0.317602
Gradient_a[33] = -0.29716 0.164342 -0.211946
Gradient_a[34] = -0.278854 -0.474696 0.223926
Gradient_a[35] = -0.05348 -0.0875419 0.351766
Gradient_a[36] = 0.39041 0.0164902 -0.323086
Gradient_a[37] = -0.334726 -0.2587 0.238471
Gradient_a[38] = 0.337453 -0.234868 -0.530859
Gradient_a[39] = 0.181899 0.101138 0.526364
Gradient_a[40] = -0.136924 0.258427 0.625835
Gradient_a[41] = 0.31971 -0.0311994 0.109767
Gradient_a[42] = 0.475886 0.0840901 -0.147453
Gradient_a[43] = 0.334904 0.133118 -0.513157
Gradient_a[44] = -0.0643046 0.326131 -0.503391
Gradient_a[45] = 0.142034 0.0548247 -0.00109582
Gradient_a[46] = 0.144792 0.388373 -0.428842
Gradient_a[47] = 0.257078 -0.245839 -0.396929
Gradient_a[48] = -0.26715 0.313544 -0.202372
Gradient_a[49] = -0.274671 0.323802 -0.174306

Gradient_b (16)
Gradient_b = 9.28253e-11 9.28253e-11 9.28253e-11 9.28253e-11 9.28253e-11 9.28253e-11 9.28253e-11 9.28253e-11 9.28253e-11 9.28253e-11 9.28253e-11 9.28253e-11 9.28253e-11 9.28253e-11 9.28253e-11 9.28253e-11

Gradient_W (50 x 3 x 16)
Gradient_W[0] =
  0.0916498 0.0916498 0.0916498 0.0916498 0.0916498 0.0916498 0.0916498 0.0916498 0.0916498 0.0916498 0.0916498 0.0916498 0.0916498 0.0916498 0.0916498 0.0916498
  -0.088216 -0.088216 -0.088216 -0.088216 -0.088216 -0.088216 -0.088216 -0.088216 -0.088216 -0.088216 -0.088216 -0.088216 -0.088216 -0.088216 -0.088216 -0.088216
  1.00095 1.00095 1.00095 1.00095 1.00095 1.00095 1.00095 1.00095 1.00095 1.00095 1.00095 1.00095 1.00095 1.00095 1.00095 1.00095

Gradient_W[1] =
  -0.129896 -0.129896 -0.129896 -0.129896 -0.129896 -0.129896 -0.129896 -0.129896 -0.129896 -0.129896 -0.129896 -0.129896 -0.129896 -0.129896 -0.129896 -0.129896
  0.674322 0.674322 0.674322 0.674322 0.674322 0.674322 0.674322 0.674322 0.674322 0.674322 0.674322 0.674322 0.674322 0.674322 0.674322 0.674322
  0.331739 0.331739 0.331739 0.331739 0.331739 0.331739 0.331739 0.331739 0.331739 0.331739 0.331739 0.331739 0.331739 0.331739 0.331739 0.331739

Gradient_W[2] =
  0.0238933 0.0238933 0.0238933 0.0238933 0.0238933 0.0238933 0.0238933 0.0238933 0.0238933 0.0238933 0.0238933 0.0238933 0.0238933 0.0238933 0.0238933 0.0238933
  -0.579878 -0.579878 -0.579878 -0.579878 -0.579878 -0.579878 -0.579878 -0.579878 -0.579878 -0.579878 -0.579878 -0.579878 -0.579878 -0.579878 -0.579878 -0.579878
  0.488068 0.488068 0.488068 0.488068 0.488068 0.488068 0.488068 0.488068 0.488068 0.488068 0.488068 0.488068 0.488068 0.488068 0.488068 0.488068

Gradient_W[3] =
  -0.168914 -0.168914 -0.168914 -0.168914 -0.168914 -0.168914 -0.168914 -0.168914 -0.168914 -0.168914 -0.168914 -0.168914 -0.168914 -0.168914 -0.168914 -0.168914
  0.0921974 0.0921974 0.0921974 0.0921974 0.0921974 0.0921974 0.0921974 0.0921974 0.0921974 0.0921974 0.0921974 0.0921974 0.0921974 0.0921974 0.0921974 0.0921974
  -0.709432 -0.709432 -0.709432 -0.709432 -0.709432 -0.709432 -0.709432 -0.709432 -0.709432 -0.709432 -0.709432 -0.709432 -0.709432 -0.709432 -0.709432 -0.709432

Gradient_W[4] =
  0.0335396 0.0335396 0.0335396 0.0335396 0.0335396 0.0335396 0.0335396 0.0335396 0.0335396 0.0335396 0.0335396 0.0335396 0.0335396 0.0335396 0.0335396 0.0335396
  0.0721266 0.0721266 0.0721266 0.0721266 0.0721266 0.0721266 0.0721266 0.0721266 0.0721266 0.0721266 0.0721266 0.0721266 0.0721266 0.0721266 0.0721266 0.0721266
  0.0343895 0.0343895 0.0343895 0.0343895 0.0343895 0.0343895 0.0343895 0.0343895 0.0343895 0.0343895 0.0343895 0.0343895 0.0343895 0.0343895 0.0343895 0.0343895

Gradient_W[5] =
  -0.358252 -0.358252 -0.358252 -0.358252 -0.358252 -0.358252 -0.358252 -0.358252 -0.358252 -0.358252 -0.358252 -0.358252 -0.358252 -0.358252 -0.358252 -0.358252
  -0.330368 -0.330368 -0.330368 -0.330368 -0.330368 -0.330368 -0.330368 -0.330368 -0.330368 -0.330368 -0.330368 -0.330368 -0.330368 -0.330368 -0.330368 -0.330368
  -0.334697 -0.334697 -0.334697 -0.334697 -0.334697 -0.334697 -0.334697 -0.334697 -0.334697 -0.334697 -0.334697 -0.334697 -0.334697 -0.334697 -0.334697 -0.334697

Gradient_W[6] =
  -0.0540024 -0.0540024 -0.0540024 -0.0540024 -0.0540024 -0.0540024 -0.0540024 -0.0540024 -0.0540024 -0.0540024 -0.0540024 -0.0540024 -0.0540024 -0.0540024 -0.0540024 -0.0540024
  -0.10709 -0.10709 -0.10709 -0.10709 -0.10709 -0.10709 -0.10709 -0.10709 -0.10709 -0.10709 -0.10709 -0.10709 -0.10709 -0.10709 -0.10709 -0.10709
  -0.663583 -0.663583 -0.663583 -0.663583 -0.663583 -0.663583 -0.663583 -0.663583 -0.663583 -0.663583 -0.663583 -0.663583 -0.663583 -0.663583 -0.663583 -0.663583

Gradient_W[7] =
  -0.183267 -0.183267 -0.183267 -0.183267 -0.183267 -0.183267 -0.183267 -0.183267 -0.183267 -0.183267 -0.183267 -0.183267 -0.183267 -0.183267 -0.183267 -0.183267
  0.0043562 0.0043562 0.0043562 0.0043562 0.0043562 0.0043562 0.0043562 0.0043562 0.0043562 0.0043562 0.0043562 0.0043562 0.0043562 0.0043562 0.0043562 0.0043562
  -0.232069 -0.232069 -0.232069 -0.232069 -0.232069 -0.232069 -0.232069 -0.232069 -0.232069 -0.232069 -0.232069 -0.232069 -0.232069 -0.232069 -0.232069 -0.232069

Gradient_W[8] =
  0.145923 0.145923 0.145923 0.145923 0.145923 0.145923 0.145923 0.145923 0.145923 0.145923 0.145923 0.145923 0.145923 0.145923 0.145923 0.145923
  0.0138746 0.0138746 0.0138746 0.0138746 0.0138746 0.0138746 0.0138746 0.0138746 0.0138746 0.0138746 0.0138746 0.0138746 0.0138746 0.0138746 0.0138746 0.0138746
  0.126801 0.126801 0.126801 0.126801 0.126801 0.126801 0.126801 0.126801 0.126801 0.126801 0.126801 0.126801 0.126801 0.126801 0.126801 0.126801

Gradient_W[9] =
  -0.446073 -0.446073 -0.446073 -0.446073 -0.446073 -0.446073 -0.446073 -0.446073 -0.446073 -0.446073 -0.446073 -0.446073 -0.446073 -0.446073 -0.446073 -0.446073
  -0.0250501 -0.0250501 -0.0250501 -0.0250501 -0.0250501 -0.0250501 -0.0250501 -0.0250501 -0.0250501 -0.0250501 -0.0250501 -0.0250501 -0.0250501 -0.0250501 -0.0250501 -0.0250501
  -0.080911 -0.080911 -0.080911 -0.080911 -0.080911 -0.080911 -0.080911 -0.080911 -0.080911 -0.080911 -0.080911 -0.080911 -0.080911 -0.080911 -0.080911 -0.080911

Gradient_W[10] =
  -0.196596 -0.196596 -0.196596 -0.196596 -0.196596 -0.196596 -0.196596 -0.196596 -0.196596 -0.196596 -0.196596 -0.196596 -0.196596 -0.196596 -0.196596 -0.196596
  -0.327743 -0.327743 -0.327743 -0.327743 -0.327743 -0.327743 -0.327743 -0.327743 -0.327743 -0.327743 -0.327743 -0.327743 -0.327743 -0.327743 -0.327743 -0.327743
  1.2553 1.2553 1.2553 1.2553 1.2553 1.2553 1.2553 1.2553 1.2553 1.2553 1.2553 1.2553 1.2553 1.2553 1.2553 1.2553

Gradient_W[11] =
  0.346986 0.346986 0.346986 0.346986 0.346986 0.346986 0.346986 0.346986 0.346986 0.346986 0.346986 0.346986 0.346986 0.346986 0.346986 0.346986
  -0.561363 -0.561363 -0.561363 -0.561363 -0.561363 -0.561363 -0.561363 -0.561363 -0.561363 -0.561363 -0.561363 -0.561363 -0.561363 -0.561363 -0.561363 -0.561363
  0.0755746 0.0755746 0.0755746 0.0755746 0.0755746 0.0755746 0.0755746 0.0755746 0.0755746 0.0755746 0.0755746 0.0755746 0.0755746 0.0755746 0.0755746 0.0755746

Gradient_W[12] =
  -0.273783 -0.273783 -0.273783 -0.273783 -0.273783 -0.273783 -0.273783 -0.273783 -0.273783 -0.273783 -0.273783 -0.273783 -0.273783 -0.273783 -0.273783 -0.273783
  -0.0839016 -0.0839016 -0.0839016 -0.0839016 -0.0839016 -0.0839016 -0.0839016 -0.0839016 -0.0839016 -0.0839016 -0.0839016 -0.0839016 -0.0839016 -0.0839016 -0.0839016 -0.0839016
  -0.822017 -0.822017 -0.822017 -0.822017 -0.822017 -0.822017 -0.822017 -0.822017 -0.822017 -0.822017 -0.822017 -0.822017 -0.822017 -0.822017 -0.822017 -0.822017

Gradient_W[13] =
  0.041036 0.041036 0.041036 0.041036 0.041036 0.041036 0.041036 0.041036 0.041036 0.041036 0.041036 0.041036 0.041036 0.041036 0.041036 0.041036
  -0.0995994 -0.0995994 -0.0995994 -0.0995994 -0.0995994 -0.0995994 -0.0995994 -0.0995994 -0.0995994 -0.0995994 -0.0995994 -0.0995994 -0.0995994 -0.0995994 -0.0995994 -0.0995994
  0.227129 0.227129 0.227129 0.227129 0.227129 0.227129 0.227129 0.227129 0.227129 0.227129 0.227129 0.227129 0.227129 0.227129 0.227129 0.227129

Gradient_W[14] =
  0.116395 0.116395 0.116395 0.116395 0.116395 0.116395 0.116395 0.116395 0.116395 0.116395 0.116395 0.116395 0.116395 0.116395 0.116395 0.116395
  0.0897112 0.0897112 0.0897112 0.0897112 0.0897112 0.0897112 0.0897112 0.0897112 0.0897112 0.0897112 0.0897112 0.0897112 0.0897112 0.0897112 0.0897112 0.0897112
  0.455318 0.455318 0.455318 0.455318 0.455318 0.455318 0.455318 0.455318 0.455318 0.455318 0.455318 0.455318 0.455318 0.455318 0.455318 0.455318

Gradient_W[15] =
  -0.0875236 -0.0875236 -0.0875236 -0.0875236 -0.0875236 -0.0875236 -0.0875236 -0.0875236 -0.0875236 -0.0875236 -0.0875236 -0.0875236 -0.0875236 -0.0875236 -0.0875236 -0.0875236
  -0.297915 -0.297915 -0.297915 -0.297915 -0.297915 -0.297915 -0.297915 -0.297915 -0.297915 -0.297915 -0.297915 -0.297915 -0.297915 -0.297915 -0.297915 -0.297915
  -0.377125 -0.377125 -0.377125 -0.377125 -0.377125 -0.377125 -0.377125 -0.377125 -0.377125 -0.377125 -0.377125 -0.377125 -0.377125 -0.377125 -0.377125 -0.377125

Gradient_W[16] =
  -0.372728 -0.372728 -0.372728 -0.372728 -0.372728 -0.372728 -0.372728 -0.372728 -0.372728 -0.372728 -0.372728 -0.372728 -0.372728 -0.372728 -0.372728 -0.372728
  0.197646 0.197646 0.197646 0.197646 0.197646 0.197646 0.197646 0.197646 0.197646 0.197646 0.197646 0.197646 0.197646 0.197646 0.197646 0.197646
  -0.524371 -0.524371 -0.524371 -0.524371 -0.524371 -0.524371 -0.524371 -0.524371 -0.524371 -0.524371 -0.524371 -0.524371 -0.524371 -0.524371 -0.524371 -0.524371

Gradient_W[17] =
  0.30593 0.30593 0.30593 0.30593 0.30593 0.30593 0.30593 0.30593 0.30593 0.30593 0.30593 0.30593 0.30593 0.30593 0.30593 0.30593
  -0.202081 -0.202081 -0.202081 -0.202081 -0.202081 -0.202081 -0.202081 -0.202081 -0.202081 -0.202081 -0.202081 -0.202081 -0.202081 -0.202081 -0.202081 -0.202081
  -0.104397 -0.104397 -0.104397 -0.104397 -0.104397 -0.104397 -0.104397 -0.104397 -0.104397 -0.104397 -0.104397 -0.104397 -0.104397 -0.104397 -0.104397 -0.104397

Gradient_W[18] =
  0.180719 0.180719 0.180719 0.180719 0.180719 0.180719 0.180719 0.180719 0.180719 0.180719 0.180719 0.180719 0.180719 0.180719 0.180719 0.180719
  0.203823 0.203823 0.203823 0.203823 0.203823 0.203823 0.203823 0.203823 0.203823 0.203823 0.203823 0.203823 0.203823 0.203823 0.203823 0.203823
  0.15857 0.15857 0.15857 0.15857 0.15857 0.15857 0.15857 0.15857 0.15857 0.15857 0.15857 0.15857 0.15857 0.15857 0.15857 0.15857

Gradient_W[19] =
  -0.184332 -0.184332 -0.184332 -0.184332 -0.184332 -0.184332 -0.184332 -0.184332 -0.184332 -0.184332 -0.184332 -0.184332 -0.184332 -0.184332 -0.184332 -0.184332
  0.301316 0.301316 0.301316 0.301316 0.301316 0.301316 0.301316 0.301316 0.301316 0.301316 0.301316 0.301316 0.301316 0.301316 0.301316 0.301316
  0.267698 0.267698 0.267698 0.267698 0.267698 0.267698 0.267698 0.267698 0.267698 0.267698 0.267698 0.267698 0.267698 0.267698 0.267698 0.267698

Gradient_W[20] =
  0.312379 0.312379 0.312379 0.312379 0.312379 0.312379 0.312379 0.312379 0.312379 0.312379 0.312379 0.312379 0.312379 0.312379 0.312379 0.312379
  0.0623847 0.0623847 0.0623847 0.0623847 0.0623847 0.0623847 0.0623847 0.0623847 0.0623847 0.0623847 0.0623847 0.0623847 0.0623847 0.0623847 0.0623847 0.0623847
  -0.466236 -0.466236 -0.466236 -0.466236 -0.466236 -0.466236 -0.466236 -0.466236 -0.466236 -0.466236 -0.466236 -0.466236 -0.466236 -0.466236 -0.466236 -0.466236

Gradient_W[21] =
  0.0235301 0.0235301 0.0235301 0.0235301 0.0235301 0.0235301 0.0235301 0.0235301 0.0235301 0.0235301 0.0235301 0.0235301 0.0235301 0.0235301 0.0235301 0.0235301
  0.35835 0.35835 0.35835 0.35835 0.35835 0.35835 0.35835 0.35835 0.35835 0.35835 0.35835 0.35835 0.35835 0.35835 0.35835 0.35835
  0.235274 0.235274 0.235274 0.235274 0.235274 0.235274 0.235274 0.235274 0.235274 0.235274 0.235274 0.235274 0.235274 0.235274 0.235274 0.235274

Gradient_W[22] =
  -0.102322 -0.102322 -0.102322 -0.102322 -0.102322 -0.102322 -0.102322 -0.102322 -0.102322 -0.102322 -0.102322 -0.102322 -0.102322 -0.102322 -0.102322 -0.102322
  0.662823 0.662823 0.662823 0.662823 0.662823 0.662823 0.662823 0.662823 0.662823 0.662823 0.662823 0.662823 0.662823 0.662823 0.662823 0.662823
  0.161377 0.161377 0.161377 0.161377 0.161377 0.161377 0.161377 0.161377 0.161377 0.161377 0.161377 0.161377 0.161377 0.161377 0.161377 0.161377

Gradient_W[23] =
  0.240384 0.240384 0.240384 0.240384 0.240384 0.240384 0.240384 0.240384 0.240384 0.240384 0.240384 0.240384 0.240384 0.240384 0.240384 0.240384
  0.357558 0.357558 0.357558 0.357558 0.357558 0.357558 0.357558 0.357558 0.357558 0.357558 0.357558 0.357558 0.357558 0.357558 0.357558 0.357558
  -0.120367 -0.120367 -0.120367 -0.120367 -0.120367 -0.120367 -0.120367 -0.120367 -0.120367 -0.120367 -0.120367 -0.120367 -0.120367 -0.120367 -0.120367 -0.120367

Gradient_W[24] =
  -0.495231 -0.495231 -0.495231 -0.495231 -0.495231 -0.495231 -0.495231 -0.495231 -0.495231 -0.495231 -0.495231 -0.495231 -0.495231 -0.495231 -0.495231 -0.495231
  -0.206307 -0.206307 -0.206307 -0.206307 -0.206307 -0.206307 -0.206307 -0.206307 -0.206307 -0.206307 -0.206307 -0.206307 -0.206307 -0.206307 -0.206307 -0.206307
  0.554626 0.554626 0.554626 0.554626 0.554626 0.554626 0.554626 0.554626 0.554626 0.554626 0.554626 0.554626 0.554626 0.554626 0.554626 0.554626

Gradient_W[25] =
  -0.558221 -0.558221 -0.558221 -0.558221 -0.558221 -0.558221 -0.558221 -0.558221 -0.558221 -0.558221 -0.558221 -0.558221 -0.558221 -0.558221 -0.558221 -0.558221
  0.234925 0.234925 0.234925 0.234925 0.234925 0.234925 0.234925 0.234925 0.234925 0.234925 0.234925 0.234925 0.234925 0.234925 0.234925 0.234925
  -0.573952 -0.573952 -0.573952 -0.573952 -0.573952 -0.573952 -0.573952 -0.573952 -0.573952 -0.573952 -0.573952 -0.573952 -0.573952 -0.573952 -0.573952 -0.573952

Gradient_W[26] =
  0.439434 0.439434 0.439434 0.439434 0.439434 0.439434 0.439434 0.439434 0.439434 0.439434 0.439434 0.439434 0.439434 0.439434 0.439434 0.439434
  0.0113699 0.0113699 0.0113699 0.0113699 0.0113699 0.0113699 0.0113699 0.0113699 0.0113699 0.0113699 0.0113699 0.0113699 0.0113699 0.0113699 0.0113699 0.0113699
  0.714878 0.714878 0.714878 0.714878 0.714878 0.714878 0.714878 0.714878 0.714878 0.714878 0.714878 0.714878 0.714878 0.714878 0.714878 0.714878

Gradient_W[27] =
  0.420618 0.420618 0.420618 0.420618 0.420618 0.420618 0.420618 0.420618 0.420618 0.420618 0.420618 0.420618 0.420618 0.420618 0.420618 0.420618
  0.353414 0.353414 0.353414 0.353414 0.353414 0.353414 0.353414 0.353414 0.353414 0.353414 0.353414 0.353414 0.353414 0.353414 0.353414 0.353414
  -0.0924291 -0.0924291 -0.0924291 -0.0924291 -0.0924291 -0.0924291 -0.0924291 -0.0924291 -0.0924291 -0.0924291 -0.0924291 -0.0924291 -0.0924291 -0.0924291 -0.0924291 -0.0924291

Gradient_W[28] =
  -0.16037 -0.16037 -0.16037 -0.16037 -0.16037 -0.16037 -0.16037 -0.16037 -0.16037 -0.16037 -0.16037 -0.16037 -0.16037 -0.16037 -0.16037 -0.16037
  0.173775 0.173775 0.173775 0.173775 0.173775 0.173775 0.173775 0.173775 0.173775 0.173775 0.173775 0.173775 0.173775 0.173775 0.173775 0.173775
  0.646617 0.646617 0.646617 0.646617 0.646617 0.646617 0.646617 0.646617 0.646617 0.646617 0.646617 0.646617 0.646617 0.646617 0.646617 0.646617

Gradient_W[29] =
  0.144128 0.144128 0.144128 0.144128 0.144128 0.144128 0.144128 0.144128 0.144128 0.144128 0.144128 0.144128 0.144128 0.144128 0.144128 0.144128
  -0.155935 -0.155935 -0.155935 -0.155935 -0.155935 -0.155935 -0.155935 -0.155935 -0.155935 -0.155935 -0.155935 -0.155935 -0.155935 -0.155935 -0.155935 -0.155935
  0.005161 0.005161 0.005161 0.005161 0.005161 0.005161 0.005161 0.005161 0.005161 0.005161 0.005161 0.005161 0.005161 0.005161 0.005161 0.005161

Gradient_W[30] =
  -0.261022 -0.261022 -0.261022 -0.261022 -0.261022 -0.261022 -0.261022 -0.261022 -0.261022 -0.261022 -0.261022 -0.261022 -0.261022 -0.261022 -0.261022 -0.261022
  0.273332 0.273332 0.273332 0.273332 0.273332 0.273332 0.273332 0.273332 0.273332 0.273332 0.273332 0.273332 0.273332 0.273332 0.273332 0.273332
  -0.491521 -0.491521 -0.491521 -0.491521 -0.491521 -0.491521 -0.491521 -0.491521 -0.491521 -0.491521 -0.491521 -0.491521 -0.491521 -0.491521 -0.491521 -0.491521

Gradient_W[31] =
  -0.353181 -0.353181 -0.353181 -0.353181 -0.353181 -0.353181 -0.353181 -0.353181 -0.353181 -0.353181 -0.353181 -0.353181 -0.353181 -0.353181 -0.353181 -0.353181
  0.0530981 0.0530981 0.0530981 0.0530981 0.0530981 0.0530981 0.0530981 0.0530981 0.0530981 0.0530981 0.0530981 0.0530981 0.0530981 0.0530981 0.0530981 0.0530981
  0.542164 0.542164 0.542164 0.542164 0.542164 0.542164 0.542164 0.542164 0.542164 0.542164 0.542164 0.542164 0.542164 0.542164 0.542164 0.542164

Gradient_W[32] =
  -0.380847 -0.380847 -0.380847 -0.380847 -0.380847 -0.380847 -0.380847 -0.380847 -0.380847 -0.380847 -0.380847 -0.380847 -0.380847 -0.380847 -0.380847 -0.380847
  -0.247698 -0.247698 -0.247698 -0.247698 -0.247698 -0.247698 -0.247698 -0.247698 -0.247698 -0.247698 -0.247698 -0.247698 -0.247698 -0.247698 -0.247698 -0.247698
  -0.317602 -0.317602 -0.317602 -0.317602 -0.317602 -0.317602 -0.317602 -0.317602 -0.317602 -0.317602 -0.317602 -0.317602 -0.317602 -0.317602 -0.317602 -0.317602

Gradient_W[33] =
  -0.29716 -0.29716 -0.29716 -0.29716 -0.29716 -0.29716 -0.29716 -0.29716 -0.29716 -0.29716 -0.29716 -0.29716 -0.29716 -0.29716 -0.29716 -0.29716
  0.164342 0.164342 0.164342 0.164342 0.164342 0.164342 0.164342 0.164342 0.164342 0.164342 0.164342 0.164342 0.164342 0.164342 0.164342 0.164342
  -0.211946 -0.211946 -0.211946 -0.211946 -0.211946 -0.211946 -0.211946 -0.211946 -0.211946 -0.211946 -0.211946 -0.211946 -0.211946 -0.211946 -0.211946 -0.211946

Gradient_W[34] =
  -0.278854 -0.278854 -0.278854 -0.278854 -0.278854 -0.278854 -0.278854 -0.278854 -0.278854 -0.278854 -0.278854 -0.278854 -0.278854 -0.278854 -0.278854 -0.278854
  -0.474696 -0.474696 -0.474696 -0.474696 -0.474696 -0.474696 -0.474696 -0.474696 -0.474696 -0.474696 -0.474696 -0.474696 -0.474696 -0.474696 -0.474696 -0.474696
  0.223926 0.223926 0.223926 0.223926 0.223926 0.223926 0.223926 0.223926 0.223926 0.223926 0.223926 0.223926 0.223926 0.223926 0.223926 0.223926

Gradient_W[35] =
  -0.05348 -0.05348 -0.05348 -0.05348 -0.05348 -0.05348 -0.05348 -0.05348 -0.05348 -0.05348 -0.05348 -0.05348 -0.05348 -0.05348 -0.05348 -0.05348
  -0.0875419 -0.0875419 -0.0875419 -0.0875419 -0.0875419 -0.0875419 -0.0875419 -0.0875419 -0.0875419 -0.0875419 -0.0875419 -0.0875419 -0.0875419 -0.0875419 -0.0875419 -0.0875419
  0.351766 0.351766 0.351766 0.351766 0.351766 0.351766 0.351766 0.351766 0.351766 0.351766 0.351766 0.351766 0.351766 0.351766 0.351766 0.351766

Gradient_W[36] =
  0.39041 0.39041 0.39041 0.39041 0.39041 0.39041 0.39041 0.39041 0.39041 0.39041 0.39041 0.39041 0.39041 0.39041 0.39041 0.39041
  0.0164902 0.0164902 0.0164902 0.0164902 0.0164902 0.0164902 0.0164902 0.0164902 0.0164902 0.0164902 0.0164902 0.0164902 0.0164902 0.0164902 0.0164902 0.0164902
  -0.323086 -0.323086 -0.323086 -0.323086 -0.323086 -0.323086 -0.323086 -0.323086 -0.323086 -0.323086 -0.323086 -0.323086 -0.323086 -0.323086 -0.323086 -0.323086

Gradient_W[37] =
  -0.334726 -0.334726 -0.334726 -0.334726 -0.334726 -0.334726 -0.334726 -0.334726 -0.334726 -0.334726 -0.334726 -0.334726 -0.334726 -0.334726 -0.334726 -0.334726
  -0.2587 -0.2587 -0.2587 -0.2587 -0.2587 -0.2587 -0.2587 -0.2587 -0.2587 -0.2587 -0.2587 -0.2587 -0.2587 -0.2587 -0.2587 -0.2587
  0.238471 0.238471 0.238471 0.238471 0.238471 0.238471 0.238471 0.238471 0.238471 0.238471 0.238471 0.238471 0.238471 0.238471 0.238471 0.238471

Gradient_W[38] =
  0.337453 0.337453 0.337453 0.337453 0.337453 0.337453 0.337453 0.337453 0.337453 0.337453 0.337453 0.337453 0.337453 0.337453 0.337453 0.337453
  -0.234868 -0.234868 -0.234868 -0.234868 -0.234868 -0.234868 -0.234868 -0.234868 -0.234868 -0.234868 -0.234868 -0.234868 -0.234868 -0.234868 -0.234868 -0.234868
  -0.530859 -0.530859 -0.530859 -0.530859 -0.530859 -0.530859 -0.530859 -0.530859 -0.530859 -0.530859 -0.530859 -0.530859 -0.530859 -0.530859 -0.530859 -0.530859

Gradient_W[39] =
  0.181899 0.181899 0.181899 0.181899 0.181899 0.181899 0.181899 0.181899 0.181899 0.181899 0.181899 0.181899 0.181899 0.181899 0.181899 0.181899
  0.101138 0.101138 0.101138 0.101138 0.101138 0.101138 0.101138 0.101138 0.101138 0.101138 0.101138 0.101138 0.101138 0.101138 0.101138 0.101138
  0.526364 0.526364 0.526364 0.526364 0.526364 0.526364 0.526364 0.526364 0.526364 0.526364 0.526364 0.526364 0.526364 0.526364 0.526364 0.526364

Gradient_W[40] =
  -0.136924 -0.136924 -0.136924 -0.136924 -0.136924 -0.136924 -0.136924 -0.136924 -0.136924 -0.136924 -0.136924 -0.136924 -0.136924 -0.136924 -0.136924 -0.136924
  0.258427 0.258427 0.258427 0.258427 0.258427 0.258427 0.258427 0.258427 0.258427 0.258427 0.258427 0.258427 0.258427 0.258427 0.258427 0.258427
  0.625835 0.625835 0.625835 0.625835 0.625835 0.625835 0.625835 0.625835 0.625835 0.625835 0.625835 0.625835 0.625835 0.625835 0.625835 0.625835

Gradient_W[41] =
  0.31971 0.31971 0.31971 0.31971 0.31971 0.31971 0.31971 0.31971 0.31971 0.31971 0.31971 0.31971 0.31971 0.31971 0.31971 0.31971
  -0.0311994 -0.0311994 -0.0311994 -0.0311994 -0.0311994 -0.0311994 -0.0311994 -0.0311994 -0.0311994 -0.0311994 -0.0311994 -0.0311994 -0.0311994 -0.0311994 -0.0311994 -0.0311994
  0.109767 0.109767 0.109767 0.109767 0.109767 0.109767 0.109767 0.109767 0.109767 0.109767 0.109767 0.109767 0.109767 0.109767 0.109767 0.109767

Gradient_W[42] =
  0.475886 0.475886 0.475886 0.475886 0.475886 0.475886 0.475886 0.475886 0.475886 0.475886 0.475886 0.475886 0.475886 0.475886 0.475886 0.475886
  0.0840901 0.0840901 0.0840901 0.0840901 0.0840901 0.0840901 0.0840901 0.0840901 0.0840901 0.0840901 0.0840901 0.0840901 0.0840901 0.0840901 0.0840901 0.0840901
  -0.147453 -0.147453 -0.147453 -0.147453 -0.147453 -0.147453 -0.147453 -0.147453 -0.147453 -0.147453 -0.147453 -0.147453 -0.147453 -0.147453 -0.147453 -0.147453

Gradient_W[43] =
  0.334904 0.334904 0.334904 0.334904 0.334904 0.334904 0.334904 0.334904 0.334904 0.334904 0.334904 0.334904 0.334904 0.334904 0.334904 0.334904
  0.133118 0.133118 0.133118 0.133118 0.133118 0.133118 0.133118 0.133118 0.133118 0.133118 0.133118 0.133118 0.133118 0.133118 0.133118 0.133118
  -0.513157 -0.513157 -0.513157 -0.513157 -0.513157 -0.513157 -0.513157 -0.513157 -0.513157 -0.513157 -0.513157 -0.513157 -0.513157 -0.513157 -0.513157 -0.513157

Gradient_W[44] =
  -0.0643046 -0.0643046 -0.0643046 -0.0643046 -0.0643046 -0.0643046 -0.0643046 -0.0643046 -0.0643046 -0.0643046 -0.0643046 -0.0643046 -0.0643046 -0.0643046 -0.0643046 -0.0643046
  0.326131 0.326131 0.326131 0.326131 0.326131 0.326131 0.326131 0.326131 0.326131 0.326131 0.326131 0.326131 0.326131 0.326131 0.326131 0.326131
  -0.503391 -0.503391 -0.503391 -0.503391 -0.503391 -0.503391 -0.503391 -0.503391 -0.503391 -0.503391 -0.503391 -0.503391 -0.503391 -0.503391 -0.503391 -0.503391

Gradient_W[45] =
  0.142034 0.142034 0.142034 0.142034 0.142034 0.142034 0.142034 0.142034 0.142034 0.142034 0.142034 0.142034 0.142034 0.142034 0.142034 0.142034
  0.0548247 0.0548247 0.0548247 0.0548247 0.0548247 0.0548247 0.0548247 0.0548247 0.0548247 0.0548247 0.0548247 0.0548247 0.0548247 0.0548247 0.0548247 0.0548247
  -0.00109582 -0.00109582 -0.00109582 -0.00109582 -0.00109582 -0.00109582 -0.00109582 -0.00109582 -0.00109582 -0.00109582 -0.00109582 -0.00109582 -0.00109582 -0.00109582 -0.00109582 -0.00109582

Gradient_W[46] =
  0.144792 0.144792 0.144792 0.144792 0.144792 0.144792 0.144792 0.144792 0.144792 0.144792 0.144792 0.144792 0.144792 0.144792 0.144792 0.144792
  0.388373 0.388373 0.388373 0.388373 0.388373 0.388373 0.388373 0.388373 0.388373 0.388373 0.388373 0.388373 0.388373 0.388373 0.388373 0.388373
  -0.428842 -0.428842 -0.428842 -0.428842 -0.428842 -0.428842 -0.428842 -0.428842 -0.428842 -0.428842 -0.428842 -0.428842 -0.428842 -0.428842 -0.428842 -0.428842

Gradient_W[47] =
  0.257078 0.257078 0.257078 0.257078 0.257078 0.257078 0.257078 0.257078 0.257078 0.257078 0.257078 0.257078 0.257078 0.257078 0.257078 0.257078
  -0.245839 -0.245839 -0.245839 -0.245839 -0.245839 -0.245839 -0.245839 -0.245839 -0.245839 -0.245839 -0.245839 -0.245839 -0.245839 -0.245839 -0.245839 -0.245839
  -0.396929 -0.396929 -0.396929 -0.396929 -0.396929 -0.396929 -0.396929 -0.396929 -0.396929 -0.396929 -0.396929 -0.396929 -0.396929 -0.396929 -0.396929 -0.396929

Gradient_W[48] =
  -0.26715 -0.26715 -0.26715 -0.26715 -0.26715 -0.26715 -0.26715 -0.26715 -0.26715 -0.26715 -0.26715 -0.26715 -0.26715 -0.26715 -0.26715 -0.26715
  0.313544 0.313544 0.313544 0.313544 0.313544 0.313544 0.313544 0.313544 0.313544 0.313544 0.313544 0.313544 0.313544 0.313544 0.313544 0.313544
  -0.202372 -0.202372 -0.202372 -0.202372 -0.202372 -0.202372 -0.202372 -0.202372 -0.202372 -0.202372 -0.202372 -0.202372 -0.202372 -0.202372 -0.202372 -0.202372

Gradient_W[49] =
  -0.274671 -0.274671 -0.274671 -0.274671 -0.274671 -0.274671 -0.274671 -0.274671 -0.274671 -0.274671 -0.274671 -0.274671 -0.274671 -0.274671 -0.274671 -0.274671
  0.323802 0.323802 0.323802 0.323802 0.323802 0.323802 0.323802 0.323802 0.323802 0.323802 0.323802 0.323802 0.323802 0.323802 0.323802 0.323802
  -0.174306 -0.174306 -0.174306 -0.174306 -0.174306 -0.174306 -0.174306 -0.174306 -0.174306 -0.174306 -0.174306 -0.174306 -0.174306 -0.174306 -0.174306 -0.174306

