Gradients
=========

Gradient_a (2 x 3)
Gradient_a[0] = -0.0287724 0.0345069 -0.0152948
Gradient_a[1] = 0.014005 -0.00150767 0.0151699

Gradient_b (4)
Gradient_b = -0.00549318 -0.00549318 -0.00549318 -0.00549318

Gradient_W (2 x 3 x 4)
Gradient_W[0] =
  -0.0104227 -0.0104227 -0.0104227 -0.0104227
  0.0135859 0.0135859 0.0135859 0.0135859
  -0.00518385 -0.00518385 -0.00518385 -0.00518385

Gradient_W[1] =
  0.00687981 0.00687981 0.00687981 0.00687981
  -0.00605073 -0.00605073 -0.00605073 -0.00605073
  0.00429244 0.00429244 0.00429244 0.00429244

