-0.27075
-0.00758483
-0.200253
1.02402
-0.0154161
-0.00645497
-0.0114204
0.235517
-0.147549
-0.00396118
0.383767
-0.37189
1.27096
-0.00523171
-0.185921
0.798868
0.014833
0.0134853
-0.00599024
-1.09206
-0.435439
0.00197087
-0.269876
0.151328
0.0721907
0.948854
0.00893302
0.0216783
0.831518
-0.231121
0.50755
0.00897754
-0.054892
0.650868
0.103115
-0.126729
0.272468
-0.0133882
-0.143186
-1.02211
-0.0111365
-4.36628e-05
-0.0164914
-0.232394
-0.2039
-0.0025636
0.360916
-0.397788
-1.27037
0.0132331
-0.417032
-0.801339
-0.004254
-0.011986
0.0118657
1.09982
-0.203722
-0.000300196
-0.163477
0.259842
-0.0908014
-0.11044
-0.088803
-0.00224549
0.414192
0.93267
0.795818
-0.013056
0.0525473
-0.816016
0.0802833
-0.0510784
-3.98615
-1.50735
0.960337
4.72966
1.40946
1.48379
-1.39371
-1.08747
-0.974495
1.58792
-1.39184
-1.36502
-0.188751
-2.08091
0.69559
0.169511
2.59204
2.36682
-2.11623
0.26289
-0.650416
2.06148
-0.651249
-0.626539
