Gradients
=========

Gradient_a (10 x 3)
Gradient_a[0] = 0.00834048 0.0104705 0.0077155
Gradient_a[1] = 0.010462 0.00882034 0.00850152
Gradient_a[2] = 0.00887348 0.0100752 0.00986139
Gradient_a[3] = 0.00930287 0.0104148 0.00951257
Gradient_a[4] = 0.00886675 0.00954164 0.00922716
Gradient_a[5] = 0.00815579 0.0104196 0.00856342
Gradient_a[6] = 0.0100183 0.00986092 0.00928921
Gradient_a[7] = 0.00879259 0.00887406 0.00915006
Gradient_a[8] = 0.00899299 0.00941597 0.0104887
Gradient_a[9] = 0.00976239 0.00921768 0.0118746

Gradient_b (2)
Gradient_b = 0.000706902 0.000706902

Gradient_W (10 x 3 x 2)
Gradient_W[0] =
  0.00418442 0.00418442
  0.00519171 0.00519171
  0.00387407 0.00387407

Gradient_W[1] =
  0.00521836 0.00521836
  0.00443984 0.00443984
  0.00426651 0.00426651

Gradient_W[2] =
  0.00444864 0.00444864
  0.00505573 0.00505573
  0.00492309 0.00492309

Gradient_W[3] =
  0.004666 0.004666
  0.00523799 0.00523799
  0.00476886 0.00476886

Gradient_W[4] =
  0.00444477 0.00444477
  0.00478835 0.00478835
  0.00463877 0.00463877

Gradient_W[5] =
  0.00410225 0.00410225
  0.00524436 0.00524436
  0.0042933 0.0042933

Gradient_W[6] =
  0.00500221 0.00500221
  0.00495253 0.00495253
  0.00467936 0.00467936

Gradient_W[7] =
  0.00440102 0.00440102
  0.00445892 0.00445892
  0.00458476 0.00458476

Gradient_W[8] =
  0.00450086 0.00450086
  0.00469643 0.00469643
  0.00522636 0.00522636

Gradient_W[9] =
  0.00492079 0.00492079
  0.00461303 0.00461303
  0.00595778 0.00595778

