Gradients
=========

Gradient_a (10 x 3)
Gradient_a[0] = 0.285378 -0.0690667 0.291494
Gradient_a[1] = 0.0504732 0.143276 -0.0992964
Gradient_a[2] = 0.170818 -0.105661 -0.175458
Gradient_a[3] = 0.429058 -0.00793023 0.152959
Gradient_a[4] = 0.148999 0.18441 0.153872
Gradient_a[5] = 0.130046 0.193788 0.426511
Gradient_a[6] = 0.0545119 0.430738 0.585984
Gradient_a[7] = 0.227937 -0.441725 -0.493924
Gradient_a[8] = -0.151622 -0.1837 -0.443694
Gradient_a[9] = 0.39737 -0.543258 0.079027

Gradient_b (2)
Gradient_b = 0.00455142 0.00455142

Gradient_W (10 x 3 x 2)
Gradient_W[0] =
  0.14289 0.14289
  -0.0352842 -0.0352842
  0.154421 0.154421

Gradient_W[1] =
  0.0220948 0.0220948
  0.0751034 0.0751034
  -0.0434128 -0.0434128

Gradient_W[2] =
  0.0851952 0.0851952
  -0.0551145 -0.0551145
  -0.0785849 -0.0785849

Gradient_W[3] =
  0.212583 0.212583
  -0.00217014 -0.00217014
  0.0830679 0.0830679

Gradient_W[4] =
  0.0731471 0.0731471
  0.096042 0.096042
  0.0861155 0.0861155

Gradient_W[5] =
  0.0658376 0.0658376
  0.0975109 0.0975109
  0.22122 0.22122

Gradient_W[6] =
  0.0216964 0.0216964
  0.218314 0.218314
  0.304252 0.304252

Gradient_W[7] =
  0.112721 0.112721
  -0.220463 -0.220463
  -0.240721 -0.240721

Gradient_W[8] =
  -0.0765561 -0.0765561
  -0.0895713 -0.0895713
  -0.213786 -0.213786

Gradient_W[9] =
  0.198794 0.198794
  -0.273102 -0.273102
  0.0480587 0.0480587

