Gradients
=========

Gradient_a (10 x 3)
Gradient_a[0] = -0.297352 0.307481 -0.257926
Gradient_a[1] = -0.101849 -0.0803544 0.289691
Gradient_a[2] = -0.0392828 0.0896931 -0.086366
Gradient_a[3] = -0.205866 -0.121632 -0.13567
Gradient_a[4] = -0.0665282 -0.081404 -0.243009
Gradient_a[5] = 0.0764993 -0.00703773 0.0384892
Gradient_a[6] = -0.174025 -0.0513182 -0.221688
Gradient_a[7] = -0.273287 0.121701 0.288813
Gradient_a[8] = 0.0362997 0.21349 0.0176846
Gradient_a[9] = 0.112315 0.0441378 0.090275

Gradient_b (2)
Gradient_b = -0.00179454 -0.00179454

Gradient_W (10 x 3 x 2)
Gradient_W[0] =
  -0.148416 -0.148416
  0.156577 0.156577
  -0.129113 -0.129113

Gradient_W[1] =
  -0.0505448 -0.0505448
  -0.0393244 -0.0393244
  0.147488 0.147488

Gradient_W[2] =
  -0.0207738 -0.0207738
  0.0454425 0.0454425
  -0.0407541 -0.0407541

Gradient_W[3] =
  -0.100094 -0.100094
  -0.0617512 -0.0617512
  -0.0679363 -0.0679363

Gradient_W[4] =
  -0.0308113 -0.0308113
  -0.0412568 -0.0412568
  -0.122478 -0.122478

Gradient_W[5] =
  0.0375318 0.0375318
  -0.0014285 -0.0014285
  0.0182878 0.0182878

Gradient_W[6] =
  -0.083621 -0.083621
  -0.0269656 -0.0269656
  -0.111071 -0.111071

Gradient_W[7] =
  -0.136157 -0.136157
  0.0624552 0.0624552
  0.146656 0.146656

Gradient_W[8] =
  0.0194633 0.0194633
  0.104719 0.104719
  0.00984157 0.00984157

Gradient_W[9] =
  0.0570529 0.0570529
  0.0243176 0.0243176
  0.0446854 0.0446854

