Gradients
=========

Gradient_a (10 x 3)
Gradient_a[0] = 0.00710631 0.00922298 0.00519984
Gradient_a[1] = 0.00783806 0.0101723 0.0134877
Gradient_a[2] = 0.0111907 0.00545916 0.012101
Gradient_a[3] = 0.010141 0.00901464 0.00528465
Gradient_a[4] = 0.00804992 0.00646464 0.00882301
Gradient_a[5] = 0.014775 0.0141544 0.00799627
Gradient_a[6] = 0.00790053 0.00266533 0.00523877
Gradient_a[7] = 0.00731672 0.0126495 0.00441318
Gradient_a[8] = 0.0162106 0.0109112 0.00833365
Gradient_a[9] = 0.00721305 0.0118371 0.00500774

Gradient_b (2)
Gradient_b = 0.000665221 0.000665221

Gradient_W (10 x 3 x 2)
Gradient_W[0] =
  0.00356675 0.00356675
  0.00471164 0.00471164
  0.00261286 0.00261286

Gradient_W[1] =
  0.0039167 0.0039167
  0.00502401 0.00502401
  0.00682085 0.00682085

Gradient_W[2] =
  0.00562948 0.00562948
  0.00267733 0.00267733
  0.00599601 0.00599601

Gradient_W[3] =
  0.00507098 0.00507098
  0.00453513 0.00453513
  0.00258029 0.00258029

Gradient_W[4] =
  0.00411278 0.00411278
  0.00333071 0.00333071
  0.00435049 0.00435049

Gradient_W[5] =
  0.00740472 0.00740472
  0.00720181 0.00720181
  0.00402726 0.00402726

Gradient_W[6] =
  0.00394964 0.00394964
  0.00134581 0.00134581
  0.00265226 0.00265226

Gradient_W[7] =
  0.00365943 0.00365943
  0.00645124 0.00645124
  0.00231361 0.00231361

Gradient_W[8] =
  0.00821737 0.00821737
  0.00552981 0.00552981
  0.0041328 0.0041328

Gradient_W[9] =
  0.00356553 0.00356553
  0.00600477 0.00600477
  0.00253715 0.00253715

