Gradients
=========

Gradient_a (10 x 3)
Gradient_a[0] = -0.00053931 -0.000271893 -0.00034023
Gradient_a[1] = -0.000117515 0.000315998 0.000978698
Gradient_a[2] = 0.000753489 0.000543917 -0.000547315
Gradient_a[3] = -0.000905993 -0.000396831 -0.000730933
Gradient_a[4] = 0.000578407 -8.1217e-05 -0.000697557
Gradient_a[5] = 0.000922284 -0.000310083 0.000197486
Gradient_a[6] = 0.000544372 -7.5496e-05 0.000245809
Gradient_a[7] = 0.000241905 -0.000192532 0.000358451
Gradient_a[8] = 8.5529e-05 -0.000532468 -0.000976433
Gradient_a[9] = 0.000158189 0.000448231 0.000649192

Gradient_b (4)
Gradient_b = 3.24955e-06 3.24955e-06 3.24955e-06 3.24955e-06

Gradient_W (10 x 3 x 4)
Gradient_W[0] =
  -0.000154552 -0.000154552 -0.000154552 -0.000154552
  -7.7216e-05 -7.7216e-05 -7.7216e-05 -7.7216e-05
  -9.74332e-05 -9.74332e-05 -9.74332e-05 -9.74332e-05

Gradient_W[1] =
  -3.31715e-05 -3.31715e-05 -3.31715e-05 -3.31715e-05
  9.1609e-05 9.1609e-05 9.1609e-05 9.1609e-05
  0.000282063 0.000282063 0.000282063 0.000282063

Gradient_W[2] =
  0.00021624 0.00021624 0.00021624 0.00021624
  0.000157086 0.000157086 0.000157086 0.000157086
  -0.000156318 -0.000156318 -0.000156318 -0.000156318

Gradient_W[3] =
  -0.000260019 -0.000260019 -0.000260019 -0.000260019
  -0.000112922 -0.000112922 -0.000112922 -0.000112922
  -0.00020966 -0.00020966 -0.00020966 -0.00020966

Gradient_W[4] =
  0.000167101 0.000167101 0.000167101 0.000167101
  -2.27123e-05 -2.27123e-05 -2.27123e-05 -2.27123e-05
  -0.000199401 -0.000199401 -0.000199401 -0.000199401

Gradient_W[5] =
  0.000265158 0.000265158 0.000265158 0.000265158
  -8.87106e-05 -8.87106e-05 -8.87106e-05 -8.87106e-05
  5.72645e-05 5.72645e-05 5.72645e-05 5.72645e-05

Gradient_W[6] =
  0.000157899 0.000157899 0.000157899 0.000157899
  -2.07647e-05 -2.07647e-05 -2.07647e-05 -2.07647e-05
  7.15457e-05 7.15457e-05 7.15457e-05 7.15457e-05

Gradient_W[7] =
  6.95853e-05 6.95853e-05 6.95853e-05 6.95853e-05
  -5.44033e-05 -5.44033e-05 -5.44033e-05 -5.44033e-05
  0.000103483 0.000103483 0.000103483 0.000103483

Gradient_W[8] =
  2.45047e-05 2.45047e-05 2.45047e-05 2.45047e-05
  -0.000152354 -0.000152354 -0.000152354 -0.000152354
  -0.000279869 -0.000279869 -0.000279869 -0.000279869

Gradient_W[9] =
  4.56017e-05 4.56017e-05 4.56017e-05 4.56017e-05
  0.000128567 0.000128567 0.000128567 0.000128567
  0.000188147 0.000188147 0.000188147 0.000188147

