Gradients
=========

Gradient_a (10 x 3)
Gradient_a[0] = -0.000814113 0.00128441 0.000162997
Gradient_a[1] = 0.000497131 0.000672594 0.00133234
Gradient_a[2] = -0.000272878 -0.000539574 0.00252275
Gradient_a[3] = 0.00100309 0.0029315 -0.000342712
Gradient_a[4] = -5.89974e-05 -0.000866798 -2.31797e-05
Gradient_a[5] = 0.000799144 -0.00112636 0.000183808
Gradient_a[6] = 0.00163139 -0.000953771 -0.000780183
Gradient_a[7] = 0.00171112 -0.0023 -0.000659148
Gradient_a[8] = -0.00111045 -6.26913e-05 0.000150772
Gradient_a[9] = 0.000550166 0.00114929 0.00100137

Gradient_b (4)
Gradient_b = 7.91781e-06 7.91781e-06 7.91781e-06 7.91781e-06

Gradient_W (10 x 3 x 4)
Gradient_W[0] =
  -0.000213683 -0.000213683 -0.000213683 -0.000213683
  0.000338551 0.000338551 0.000338551 0.000338551
  4.3967e-05 4.3967e-05 4.3967e-05 4.3967e-05

Gradient_W[1] =
  0.000130125 0.000130125 0.000130125 0.000130125
  0.000178933 0.000178933 0.000178933 0.000178933
  0.000352444 0.000352444 0.000352444 0.000352444

Gradient_W[2] =
  -7.23356e-05 -7.23356e-05 -7.23356e-05 -7.23356e-05
  -0.000139568 -0.000139568 -0.000139568 -0.000139568
  0.00066884 0.00066884 0.00066884 0.00066884

Gradient_W[3] =
  0.000264 0.000264 0.000264 0.000264
  0.000772684 0.000772684 0.000772684 0.000772684
  -8.87641e-05 -8.87641e-05 -8.87641e-05 -8.87641e-05

Gradient_W[4] =
  -1.3274e-05 -1.3274e-05 -1.3274e-05 -1.3274e-05
  -0.000228426 -0.000228426 -0.000228426 -0.000228426
  -3.41626e-06 -3.41626e-06 -3.41626e-06 -3.41626e-06

Gradient_W[5] =
  0.000212248 0.000212248 0.000212248 0.000212248
  -0.000293138 -0.000293138 -0.000293138 -0.000293138
  4.79684e-05 4.79684e-05 4.79684e-05 4.79684e-05

Gradient_W[6] =
  0.000433586 0.000433586 0.000433586 0.000433586
  -0.00025114 -0.00025114 -0.00025114 -0.00025114
  -0.000202974 -0.000202974 -0.000202974 -0.000202974

Gradient_W[7] =
  0.000451458 0.000451458 0.000451458 0.000451458
  -0.000603708 -0.000603708 -0.000603708 -0.000603708
  -0.00017199 -0.00017199 -0.00017199 -0.00017199

Gradient_W[8] =
  -0.000292491 -0.000292491 -0.000292491 -0.000292491
  -1.44747e-05 -1.44747e-05 -1.44747e-05 -1.44747e-05
  3.90398e-05 3.90398e-05 3.90398e-05 3.90398e-05

Gradient_W[9] =
  0.000146901 0.000146901 0.000146901 0.000146901
  0.000306435 0.000306435 0.000306435 0.000306435
  0.000265801 0.000265801 0.000265801 0.000265801

