Gradients
=========

Gradient_a (10 x 3)
Gradient_a[0] = -0.0111788 0.0419091 0.0678422
Gradient_a[1] = -0.0238587 -0.164967 -0.179365
Gradient_a[2] = -0.0439813 -0.0465425 0.169096
Gradient_a[3] = -0.0131764 0.0694417 0.105427
Gradient_a[4] = 0.0122263 0.070958 -0.238803
Gradient_a[5] = -0.09311 -0.060383 -0.052462
Gradient_a[6] = 0.00399626 0.033919 0.275867
Gradient_a[7] = -0.0686207 -0.0672037 -0.177836
Gradient_a[8] = 0.0404645 -0.000997862 -0.0752505
Gradient_a[9] = -0.0183716 -0.0766148 -0.0642756

Gradient_b (4)
Gradient_b = -0.00543499 -0.00543499 -0.00543499 -0.00543499

Gradient_W (10 x 3 x 4)
Gradient_W[0] =
  -0.0123888 -0.0123888 -0.0123888 -0.0123888
  0.0411711 0.0411711 0.0411711 0.0411711
  0.0659582 0.0659582 0.0659582 0.0659582

Gradient_W[1] =
  -0.0217281 -0.0217281 -0.0217281 -0.0217281
  -0.156967 -0.156967 -0.156967 -0.156967
  -0.174048 -0.174048 -0.174048 -0.174048

Gradient_W[2] =
  -0.0441348 -0.0441348 -0.0441348 -0.0441348
  -0.0480975 -0.0480975 -0.0480975 -0.0480975
  0.163075 0.163075 0.163075 0.163075

Gradient_W[3] =
  -0.0154353 -0.0154353 -0.0154353 -0.0154353
  0.0686595 0.0686595 0.0686595 0.0686595
  0.103316 0.103316 0.103316 0.103316

Gradient_W[4] =
  0.01205 0.01205 0.01205 0.01205
  0.0698891 0.0698891 0.0698891 0.0698891
  -0.233984 -0.233984 -0.233984 -0.233984

Gradient_W[5] =
  -0.0931443 -0.0931443 -0.0931443 -0.0931443
  -0.0598511 -0.0598511 -0.0598511 -0.0598511
  -0.0514857 -0.0514857 -0.0514857 -0.0514857

Gradient_W[6] =
  0.00546318 0.00546318 0.00546318 0.00546318
  0.0333621 0.0333621 0.0333621 0.0333621
  0.267707 0.267707 0.267707 0.267707

Gradient_W[7] =
  -0.065283 -0.065283 -0.065283 -0.065283
  -0.0635058 -0.0635058 -0.0635058 -0.0635058
  -0.173486 -0.173486 -0.173486 -0.173486

Gradient_W[8] =
  0.0413836 0.0413836 0.0413836 0.0413836
  -0.000945081 -0.000945081 -0.000945081 -0.000945081
  -0.0718017 -0.0718017 -0.0718017 -0.0718017

Gradient_W[9] =
  -0.0164628 -0.0164628 -0.0164628 -0.0164628
  -0.0761254 -0.0761254 -0.0761254 -0.0761254
  -0.0614742 -0.0614742 -0.0614742 -0.0614742

