Gradients
=========

Gradient_a (50 x 3)
Gradient_a[0] = -0.86152 -0.461999 -3.41897
Gradient_a[1] = -4.95898 1.70536 -5.15856
Gradient_a[2] = 4.06496 5.58261 7.96873
Gradient_a[3] = -5.22264 0.493124 -4.99032
Gradient_a[4] = 1.44938 3.83537 -4.40566
Gradient_a[5] = -1.47934 -3.02896 0.403482
Gradient_a[6] = 4.66048 -3.23982 9.89508
Gradient_a[7] = 0.591548 -1.28589 8.49745
Gradient_a[8] = 1.45603 -2.0829 -0.66228
Gradient_a[9] = 3.12292 3.54993 -3.47627
Gradient_a[10] = 0.310445 -0.785116 -3.24827
Gradient_a[11] = 6.13168 2.0588 -1.98984
Gradient_a[12] = 2.88974 1.53096 -3.02842
Gradient_a[13] = 4.27891 -1.46011 3.45458
Gradient_a[14] = 3.42607 -1.74524 -2.18473
Gradient_a[15] = -3.40605 6.66193 -4.41811
Gradient_a[16] = -0.202852 1.05648 -0.837743
Gradient_a[17] = 2.42296 -0.250685 -5.20455
Gradient_a[18] = -1.8163 -3.7991 -3.24468
Gradient_a[19] = -0.514911 -0.938299 -0.717933
Gradient_a[20] = -5.59088 0.684423 -5.47479
Gradient_a[21] = -1.10471 0.686882 4.02852
Gradient_a[22] = 3.61216 -2.56847 -5.32975
Gradient_a[23] = -0.0455475 -4.13337 -0.178202
Gradient_a[24] = -1.07151 -2.49564 -3.3273
Gradient_a[25] = -7.23425 -1.24626 1.79354
Gradient_a[26] = 5.05107 1.93929 1.39367
Gradient_a[27] = -3.95989 3.00154 2.62661
Gradient_a[28] = -0.753738 1.00222 4.30431
Gradient_a[29] = 2.06074 4.67891 0.555096
Gradient_a[30] = 0.309542 -1.24643 3.77311
Gradient_a[31] = 4.34501 4.02514 -4.79995
Gradient_a[32] = 4.0767 -1.24653 2.82206
Gradient_a[33] = 2.7282 -0.946549 -3.44556
Gradient_a[34] = 5.27909 2.18014 0.516654
Gradient_a[35] = -5.62712 -2.23406 -4.18877
Gradient_a[36] = -1.74742 -5.74899 -0.558934
Gradient_a[37] = -1.2789 -2.85516 3.35652
Gradient_a[38] = 0.627443 4.16081 11.1734
Gradient_a[39] = -4.40344 0.0859969 6.82378
Gradient_a[40] = -0.806854 1.07302 -1.93785
Gradient_a[41] = 2.88147 1.98795 -7.86777
Gradient_a[42] = -1.42574 1.35863 -10.3664
Gradient_a[43] = -1.25108 -2.93408 -2.72333
Gradient_a[44] = 3.9628 1.84735 2.78307
Gradient_a[45] = -1.28802 -1.59236 -5.56937
Gradient_a[46] = -0.557917 2.69202 -2.31259
Gradient_a[47] = -3.19161 -3.16896 1.92294
Gradient_a[48] = -4.16527 1.58275 7.82075
Gradient_a[49] = -1.8339 -4.76484 8.21468

Gradient_b (8)
Gradient_b = -1.39273 -1.39273 -1.39273 -1.39273 -1.39273 -1.39273 -1.39273 -1.39273

Gradient_W (50 x 3 x 8)
Gradient_W[0] =
  -0.700047 -0.700047 -0.700047 -0.700047 -0.700047 -0.700047 -0.700047 -0.700047
  -0.576353 -0.576353 -0.576353 -0.576353 -0.576353 -0.576353 -0.576353 -0.576353
  -2.49738 -2.49738 -2.49738 -2.49738 -2.49738 -2.49738 -2.49738 -2.49738

Gradient_W[1] =
  -3.35614 -3.35614 -3.35614 -3.35614 -3.35614 -3.35614 -3.35614 -3.35614
  0.823538 0.823538 0.823538 0.823538 0.823538 0.823538 0.823538 0.823538
  -4.247 -4.247 -4.247 -4.247 -4.247 -4.247 -4.247 -4.247

Gradient_W[2] =
  2.82962 2.82962 2.82962 2.82962 2.82962 2.82962 2.82962 2.82962
  3.71682 3.71682 3.71682 3.71682 3.71682 3.71682 3.71682 3.71682
  6.00083 6.00083 6.00083 6.00083 6.00083 6.00083 6.00083 6.00083

Gradient_W[3] =
  -3.71178 -3.71178 -3.71178 -3.71178 -3.71178 -3.71178 -3.71178 -3.71178
  0.339323 0.339323 0.339323 0.339323 0.339323 0.339323 0.339323 0.339323
  -3.37399 -3.37399 -3.37399 -3.37399 -3.37399 -3.37399 -3.37399 -3.37399

Gradient_W[4] =
  0.744664 0.744664 0.744664 0.744664 0.744664 0.744664 0.744664 0.744664
  2.47961 2.47961 2.47961 2.47961 2.47961 2.47961 2.47961 2.47961
  -3.30013 -3.30013 -3.30013 -3.30013 -3.30013 -3.30013 -3.30013 -3.30013

Gradient_W[5] =
  -1.01625 -1.01625 -1.01625 -1.01625 -1.01625 -1.01625 -1.01625 -1.01625
  -1.90314 -1.90314 -1.90314 -1.90314 -1.90314 -1.90314 -1.90314 -1.90314
  0.735213 0.735213 0.735213 0.735213 0.735213 0.735213 0.735213 0.735213

Gradient_W[6] =
  3.11626 3.11626 3.11626 3.11626 3.11626 3.11626 3.11626 3.11626
  -2.31466 -2.31466 -2.31466 -2.31466 -2.31466 -2.31466 -2.31466 -2.31466
  6.79713 6.79713 6.79713 6.79713 6.79713 6.79713 6.79713 6.79713

Gradient_W[7] =
  0.284786 0.284786 0.284786 0.284786 0.284786 0.284786 0.284786 0.284786
  -1.02465 -1.02465 -1.02465 -1.02465 -1.02465 -1.02465 -1.02465 -1.02465
  6.53741 6.53741 6.53741 6.53741 6.53741 6.53741 6.53741 6.53741

Gradient_W[8] =
  1.22247 1.22247 1.22247 1.22247 1.22247 1.22247 1.22247 1.22247
  -1.49758 -1.49758 -1.49758 -1.49758 -1.49758 -1.49758 -1.49758 -1.49758
  -0.0764666 -0.0764666 -0.0764666 -0.0764666 -0.0764666 -0.0764666 -0.0764666 -0.0764666

Gradient_W[9] =
  2.22501 2.22501 2.22501 2.22501 2.22501 2.22501 2.22501 2.22501
  2.07609 2.07609 2.07609 2.07609 2.07609 2.07609 2.07609 2.07609
  -2.54063 -2.54063 -2.54063 -2.54063 -2.54063 -2.54063 -2.54063 -2.54063

Gradient_W[10] =
  -0.262654 -0.262654 -0.262654 -0.262654 -0.262654 -0.262654 -0.262654 -0.262654
  -0.623254 -0.623254 -0.623254 -0.623254 -0.623254 -0.623254 -0.623254 -0.623254
  -2.44229 -2.44229 -2.44229 -2.44229 -2.44229 -2.44229 -2.44229 -2.44229

Gradient_W[11] =
  4.40413 4.40413 4.40413 4.40413 4.40413 4.40413 4.40413 4.40413
  1.23252 1.23252 1.23252 1.23252 1.23252 1.23252 1.23252 1.23252
  -1.34757 -1.34757 -1.34757 -1.34757 -1.34757 -1.34757 -1.34757 -1.34757

Gradient_W[12] =
  2.03947 2.03947 2.03947 2.03947 2.03947 2.03947 2.03947 2.03947
  1.02096 1.02096 1.02096 1.02096 1.02096 1.02096 1.02096 1.02096
  -2.09711 -2.09711 -2.09711 -2.09711 -2.09711 -2.09711 -2.09711 -2.09711

Gradient_W[13] =
  3.17199 3.17199 3.17199 3.17199 3.17199 3.17199 3.17199 3.17199
  -0.93241 -0.93241 -0.93241 -0.93241 -0.93241 -0.93241 -0.93241 -0.93241
  1.68534 1.68534 1.68534 1.68534 1.68534 1.68534 1.68534 1.68534

Gradient_W[14] =
  2.47062 2.47062 2.47062 2.47062 2.47062 2.47062 2.47062 2.47062
  -1.02228 -1.02228 -1.02228 -1.02228 -1.02228 -1.02228 -1.02228 -1.02228
  -2.16148 -2.16148 -2.16148 -2.16148 -2.16148 -2.16148 -2.16148 -2.16148

Gradient_W[15] =
  -2.5479 -2.5479 -2.5479 -2.5479 -2.5479 -2.5479 -2.5479 -2.5479
  4.46225 4.46225 4.46225 4.46225 4.46225 4.46225 4.46225 4.46225
  -3.2318 -3.2318 -3.2318 -3.2318 -3.2318 -3.2318 -3.2318 -3.2318

Gradient_W[16] =
  -0.606034 -0.606034 -0.606034 -0.606034 -0.606034 -0.606034 -0.606034 -0.606034
  0.625941 0.625941 0.625941 0.625941 0.625941 0.625941 0.625941 0.625941
  -1.01811 -1.01811 -1.01811 -1.01811 -1.01811 -1.01811 -1.01811 -1.01811

Gradient_W[17] =
  1.54297 1.54297 1.54297 1.54297 1.54297 1.54297 1.54297 1.54297
  -0.376481 -0.376481 -0.376481 -0.376481 -0.376481 -0.376481 -0.376481 -0.376481
  -3.98011 -3.98011 -3.98011 -3.98011 -3.98011 -3.98011 -3.98011 -3.98011

Gradient_W[18] =
  -1.461 -1.461 -1.461 -1.461 -1.461 -1.461 -1.461 -1.461
  -2.67065 -2.67065 -2.67065 -2.67065 -2.67065 -2.67065 -2.67065 -2.67065
  -2.50362 -2.50362 -2.50362 -2.50362 -2.50362 -2.50362 -2.50362 -2.50362

Gradient_W[19] =
  -0.181802 -0.181802 -0.181802 -0.181802 -0.181802 -0.181802 -0.181802 -0.181802
  -0.851262 -0.851262 -0.851262 -0.851262 -0.851262 -0.851262 -0.851262 -0.851262
  -0.49906 -0.49906 -0.49906 -0.49906 -0.49906 -0.49906 -0.49906 -0.49906

Gradient_W[20] =
  -3.74836 -3.74836 -3.74836 -3.74836 -3.74836 -3.74836 -3.74836 -3.74836
  0.433964 0.433964 0.433964 0.433964 0.433964 0.433964 0.433964 0.433964
  -3.88923 -3.88923 -3.88923 -3.88923 -3.88923 -3.88923 -3.88923 -3.88923

Gradient_W[21] =
  -0.876051 -0.876051 -0.876051 -0.876051 -0.876051 -0.876051 -0.876051 -0.876051
  0.55448 0.55448 0.55448 0.55448 0.55448 0.55448 0.55448 0.55448
  2.44458 2.44458 2.44458 2.44458 2.44458 2.44458 2.44458 2.44458

Gradient_W[22] =
  2.36967 2.36967 2.36967 2.36967 2.36967 2.36967 2.36967 2.36967
  -1.63022 -1.63022 -1.63022 -1.63022 -1.63022 -1.63022 -1.63022 -1.63022
  -3.75048 -3.75048 -3.75048 -3.75048 -3.75048 -3.75048 -3.75048 -3.75048

Gradient_W[23] =
  -0.296372 -0.296372 -0.296372 -0.296372 -0.296372 -0.296372 -0.296372 -0.296372
  -2.67059 -2.67059 -2.67059 -2.67059 -2.67059 -2.67059 -2.67059 -2.67059
  -0.452631 -0.452631 -0.452631 -0.452631 -0.452631 -0.452631 -0.452631 -0.452631

Gradient_W[24] =
  -0.794734 -0.794734 -0.794734 -0.794734 -0.794734 -0.794734 -0.794734 -0.794734
  -1.89546 -1.89546 -1.89546 -1.89546 -1.89546 -1.89546 -1.89546 -1.89546
  -2.41394 -2.41394 -2.41394 -2.41394 -2.41394 -2.41394 -2.41394 -2.41394

Gradient_W[25] =
  -5.03023 -5.03023 -5.03023 -5.03023 -5.03023 -5.03023 -5.03023 -5.03023
  -0.636995 -0.636995 -0.636995 -0.636995 -0.636995 -0.636995 -0.636995 -0.636995
  1.64391 1.64391 1.64391 1.64391 1.64391 1.64391 1.64391 1.64391

Gradient_W[26] =
  3.29462 3.29462 3.29462 3.29462 3.29462 3.29462 3.29462 3.29462
  1.01535 1.01535 1.01535 1.01535 1.01535 1.01535 1.01535 1.01535
  1.96263 1.96263 1.96263 1.96263 1.96263 1.96263 1.96263 1.96263

Gradient_W[27] =
  -2.73129 -2.73129 -2.73129 -2.73129 -2.73129 -2.73129 -2.73129 -2.73129
  2.18345 2.18345 2.18345 2.18345 2.18345 2.18345 2.18345 2.18345
  1.42438 1.42438 1.42438 1.42438 1.42438 1.42438 1.42438 1.42438

Gradient_W[28] =
  -0.927544 -0.927544 -0.927544 -0.927544 -0.927544 -0.927544 -0.927544 -0.927544
  0.314035 0.314035 0.314035 0.314035 0.314035 0.314035 0.314035 0.314035
  3.44089 3.44089 3.44089 3.44089 3.44089 3.44089 3.44089 3.44089

Gradient_W[29] =
  1.4016 1.4016 1.4016 1.4016 1.4016 1.4016 1.4016 1.4016
  3.38562 3.38562 3.38562 3.38562 3.38562 3.38562 3.38562 3.38562
  -0.154679 -0.154679 -0.154679 -0.154679 -0.154679 -0.154679 -0.154679 -0.154679

Gradient_W[30] =
  -0.0824448 -0.0824448 -0.0824448 -0.0824448 -0.0824448 -0.0824448 -0.0824448 -0.0824448
  -0.950742 -0.950742 -0.950742 -0.950742 -0.950742 -0.950742 -0.950742 -0.950742
  2.74046 2.74046 2.74046 2.74046 2.74046 2.74046 2.74046 2.74046

Gradient_W[31] =
  2.80597 2.80597 2.80597 2.80597 2.80597 2.80597 2.80597 2.80597
  2.86631 2.86631 2.86631 2.86631 2.86631 2.86631 2.86631 2.86631
  -3.4196 -3.4196 -3.4196 -3.4196 -3.4196 -3.4196 -3.4196 -3.4196

Gradient_W[32] =
  2.77273 2.77273 2.77273 2.77273 2.77273 2.77273 2.77273 2.77273
  -0.79837 -0.79837 -0.79837 -0.79837 -0.79837 -0.79837 -0.79837 -0.79837
  2.13407 2.13407 2.13407 2.13407 2.13407 2.13407 2.13407 2.13407

Gradient_W[33] =
  1.63639 1.63639 1.63639 1.63639 1.63639 1.63639 1.63639 1.63639
  -0.537771 -0.537771 -0.537771 -0.537771 -0.537771 -0.537771 -0.537771 -0.537771
  -2.40184 -2.40184 -2.40184 -2.40184 -2.40184 -2.40184 -2.40184 -2.40184

Gradient_W[34] =
  3.45228 3.45228 3.45228 3.45228 3.45228 3.45228 3.45228 3.45228
  1.63674 1.63674 1.63674 1.63674 1.63674 1.63674 1.63674 1.63674
  0.104058 0.104058 0.104058 0.104058 0.104058 0.104058 0.104058 0.104058

Gradient_W[35] =
  -4.27587 -4.27587 -4.27587 -4.27587 -4.27587 -4.27587 -4.27587 -4.27587
  -1.61299 -1.61299 -1.61299 -1.61299 -1.61299 -1.61299 -1.61299 -1.61299
  -3.58086 -3.58086 -3.58086 -3.58086 -3.58086 -3.58086 -3.58086 -3.58086

Gradient_W[36] =
  -1.41328 -1.41328 -1.41328 -1.41328 -1.41328 -1.41328 -1.41328 -1.41328
  -3.88643 -3.88643 -3.88643 -3.88643 -3.88643 -3.88643 -3.88643 -3.88643
  -0.857175 -0.857175 -0.857175 -0.857175 -0.857175 -0.857175 -0.857175 -0.857175

Gradient_W[37] =
  -0.849672 -0.849672 -0.849672 -0.849672 -0.849672 -0.849672 -0.849672 -0.849672
  -2.00543 -2.00543 -2.00543 -2.00543 -2.00543 -2.00543 -2.00543 -2.00543
  2.7084 2.7084 2.7084 2.7084 2.7084 2.7084 2.7084 2.7084

Gradient_W[38] =
  0.509146 0.509146 0.509146 0.509146 0.509146 0.509146 0.509146 0.509146
  2.66016 2.66016 2.66016 2.66016 2.66016 2.66016 2.66016 2.66016
  7.64567 7.64567 7.64567 7.64567 7.64567 7.64567 7.64567 7.64567

Gradient_W[39] =
  -3.27375 -3.27375 -3.27375 -3.27375 -3.27375 -3.27375 -3.27375 -3.27375
  0.0318258 0.0318258 0.0318258 0.0318258 0.0318258 0.0318258 0.0318258 0.0318258
  4.87847 4.87847 4.87847 4.87847 4.87847 4.87847 4.87847 4.87847

Gradient_W[40] =
  -0.553348 -0.553348 -0.553348 -0.553348 -0.553348 -0.553348 -0.553348 -0.553348
  0.718222 0.718222 0.718222 0.718222 0.718222 0.718222 0.718222 0.718222
  -2.12897 -2.12897 -2.12897 -2.12897 -2.12897 -2.12897 -2.12897 -2.12897

Gradient_W[41] =
  1.82018 1.82018 1.82018 1.82018 1.82018 1.82018 1.82018 1.82018
  1.29505 1.29505 1.29505 1.29505 1.29505 1.29505 1.29505 1.29505
  -5.93223 -5.93223 -5.93223 -5.93223 -5.93223 -5.93223 -5.93223 -5.93223

Gradient_W[42] =
  -1.08404 -1.08404 -1.08404 -1.08404 -1.08404 -1.08404 -1.08404 -1.08404
  1.26887 1.26887 1.26887 1.26887 1.26887 1.26887 1.26887 1.26887
  -8.01216 -8.01216 -8.01216 -8.01216 -8.01216 -8.01216 -8.01216 -8.01216

Gradient_W[43] =
  -1.07477 -1.07477 -1.07477 -1.07477 -1.07477 -1.07477 -1.07477 -1.07477
  -2.17218 -2.17218 -2.17218 -2.17218 -2.17218 -2.17218 -2.17218 -2.17218
  -2.07452 -2.07452 -2.07452 -2.07452 -2.07452 -2.07452 -2.07452 -2.07452

Gradient_W[44] =
  2.62642 2.62642 2.62642 2.62642 2.62642 2.62642 2.62642 2.62642
  0.901413 0.901413 0.901413 0.901413 0.901413 0.901413 0.901413 0.901413
  0.751277 0.751277 0.751277 0.751277 0.751277 0.751277 0.751277 0.751277

Gradient_W[45] =
  -0.756427 -0.756427 -0.756427 -0.756427 -0.756427 -0.756427 -0.756427 -0.756427
  -1.16242 -1.16242 -1.16242 -1.16242 -1.16242 -1.16242 -1.16242 -1.16242
  -4.22551 -4.22551 -4.22551 -4.22551 -4.22551 -4.22551 -4.22551 -4.22551

Gradient_W[46] =
  -0.282262 -0.282262 -0.282262 -0.282262 -0.282262 -0.282262 -0.282262 -0.282262
  1.72908 1.72908 1.72908 1.72908 1.72908 1.72908 1.72908 1.72908
  -1.75275 -1.75275 -1.75275 -1.75275 -1.75275 -1.75275 -1.75275 -1.75275

Gradient_W[47] =
  -2.04965 -2.04965 -2.04965 -2.04965 -2.04965 -2.04965 -2.04965 -2.04965
  -2.44729 -2.44729 -2.44729 -2.44729 -2.44729 -2.44729 -2.44729 -2.44729
  1.4767 1.4767 1.4767 1.4767 1.4767 1.4767 1.4767 1.4767

Gradient_W[48] =
  -2.63882 -2.63882 -2.63882 -2.63882 -2.63882 -2.63882 -2.63882 -2.63882
  1.048 1.048 1.048 1.048 1.048 1.048 1.048 1.048
  5.20166 5.20166 5.20166 5.20166 5.20166 5.20166 5.20166 5.20166

Gradient_W[49] =
  -1.22012 -1.22012 -1.22012 -1.22012 -1.22012 -1.22012 -1.22012 -1.22012
  -3.20312 -3.20312 -3.20312 -3.20312 -3.20312 -3.20312 -3.20312 -3.20312
  6.18899 6.18899 6.18899 6.18899 6.18899 6.18899 6.18899 6.18899

