Gradients
=========

Gradient_a (2 x 3)
Gradient_a[0] = 0.0162856 -0.0117955 0.0251773
Gradient_a[1] = 0.00183834 -0.0238659 0.00507173

Gradient_b (4)
Gradient_b = -0.000933388 -0.000933388 -0.000933388 -0.000933388

Gradient_W (2 x 3 x 4)
Gradient_W[0] =
  -0.00682749 -0.00682749 -0.00682749 -0.00682749
  -0.00348279 -0.00348279 -0.00348279 -0.00348279
  0.00450272 0.00450272 0.00450272 0.00450272

Gradient_W[1] =
  0.00977539 0.00977539 0.00977539 0.00977539
  -0.00241984 -0.00241984 -0.00241984 -0.00241984
  0.00120814 0.00120814 0.00120814 0.00120814

