Gradients
=========

Gradient_a (100 x 3)
Gradient_a[0] = 23.1937 -25.8233 18.1144
Gradient_a[1] = -0.156287 -6.08143 -30.7756
Gradient_a[2] = -46.2659 -36.2617 -27.3449
Gradient_a[3] = 7.42158 -0.407263 -17.3723
Gradient_a[4] = -0.834406 -6.86502 -25.0641
Gradient_a[5] = 27.1218 -19.9091 -14.857
Gradient_a[6] = 29.8624 -15.8446 4.86551
Gradient_a[7] = -17.589 -3.0273 11.4718
Gradient_a[8] = -2.05094 -9.14114 8.08071
Gradient_a[9] = 7.92442 -12.8847 -14.5365
Gradient_a[10] = -12.1258 -6.36411 -34.5836
Gradient_a[11] = 43.4727 -33.2311 -23.9351
Gradient_a[12] = -29.1625 16.1841 14.9964
Gradient_a[13] = -15.8547 43.6792 -35.8287
Gradient_a[14] = 35.8664 -4.63761 21.5473
Gradient_a[15] = 46.0723 0.526756 -39.1236
Gradient_a[16] = -0.845206 19.4641 -20.8811
Gradient_a[17] = -9.47139 -0.637158 7.86844
Gradient_a[18] = -72.1015 19.8232 -32.0149
Gradient_a[19] = 34.6319 20.558 -12.8095
Gradient_a[20] = -35.2212 -2.95085 -19.6722
Gradient_a[21] = -38.7976 -0.985823 31.686
Gradient_a[22] = 32.6464 -10.6348 32.0626
Gradient_a[23] = 56.9299 -36.4783 20.7717
Gradient_a[24] = 26.964 -26.4345 17.3293
Gradient_a[25] = 34.1233 -5.14457 18.2396
Gradient_a[26] = -1.55036 -2.61389 -1.6232
Gradient_a[27] = 44.6621 -29.3836 25.5493
Gradient_a[28] = 30.7782 -4.83845 -31.167
Gradient_a[29] = -37.7932 -13.5611 -32.2849
Gradient_a[30] = 16.5786 17.8128 5.33302
Gradient_a[31] = 16.3466 11.3194 0.992085
Gradient_a[32] = 20.5189 -36.7837 40.5591
Gradient_a[33] = -3.67398 -1.10366 -19.3868
Gradient_a[34] = -27.7112 -27.6015 12.8622
Gradient_a[35] = 22.6825 -12.4353 29.424
Gradient_a[36] = 24.3002 -4.44459 -22.2084
Gradient_a[37] = 27.9035 7.16864 26.3604
Gradient_a[38] = 10.6055 -9.67975 -45.9827
Gradient_a[39] = 27.6642 -35.3714 -27.4807
Gradient_a[40] = -21.956 31.0578 24.031
Gradient_a[41] = -13.5654 -0.526275 -12.6982
Gradient_a[42] = 12.5949 20.9478 22.3786
Gradient_a[43] = -4.39967 -19.8085 -31.0328
Gradient_a[44] = -7.15901 -45.2048 26.3657
Gradient_a[45] = 10.7938 8.31866 -5.74371
Gradient_a[46] = -40.3538 20.6617 -14.4268
Gradient_a[47] = -9.89485 -4.09146 -17.8869
Gradient_a[48] = -24.5486 73.447 10.8607
Gradient_a[49] = 19.7243 -36.0327 16.5193
Gradient_a[50] = -21.0504 -27.1554 0.572569
Gradient_a[51] = 6.66936 -0.774 29.3106
Gradient_a[52] = 15.4083 -20.6818 1.3399
Gradient_a[53] = 36.6033 -20.0881 24.9195
Gradient_a[54] = 34.3643 10.6148 -9.87362
Gradient_a[55] = 8.66407 -1.95371 -14.4548
Gradient_a[56] = 25.0391 -27.1072 58.3728
Gradient_a[57] = 2.62889 -0.472566 -0.715546
Gradient_a[58] = 13.2131 -17.098 19.5963
Gradient_a[59] = 13.0016 -5.32569 -10.6824
Gradient_a[60] = -1.1559 4.80362 46.5116
Gradient_a[61] = -23.9474 14.0625 -56.8624
Gradient_a[62] = 30.5623 -1.19158 34.8293
Gradient_a[63] = 11.3783 29.9814 23.3216
Gradient_a[64] = 4.85046 -5.56176 38.1136
Gradient_a[65] = 14.0192 2.25977 56.338
Gradient_a[66] = 1.29811 -1.56407 -20.1382
Gradient_a[67] = 50.9002 -15.5289 -29.5018
Gradient_a[68] = -19.1362 7.10803 8.65338
Gradient_a[69] = 57.0074 34.1632 34.1175
Gradient_a[70] = -3.62773 -24.1116 32.9346
Gradient_a[71] = -2.9005 -37.1163 -9.67047
Gradient_a[72] = -9.26793 22.4726 10.6089
Gradient_a[73] = -47.1764 -28.3824 83.9857
Gradient_a[74] = -2.19665 13.5989 35.3901
Gradient_a[75] = -61.8208 3.57009 28.877
Gradient_a[76] = 23.8592 26.2634 -13.6704
Gradient_a[77] = 7.32383 16.3252 -3.38811
Gradient_a[78] = 33.3262 2.53888 45.1627
Gradient_a[79] = 1.1877 -19.1411 59.095
Gradient_a[80] = -6.09332 -25.8876 11.7936
Gradient_a[81] = -18.9509 16.0804 -24.9367
Gradient_a[82] = 5.25391 21.2016 40.3532
Gradient_a[83] = -5.5005 -7.68263 -43.1597
Gradient_a[84] = -13.7131 -11.975 11.7869
Gradient_a[85] = 25.029 -8.93205 20.9496
Gradient_a[86] = -1.22826 26.3739 10.344
Gradient_a[87] = -25.3886 15.7656 -9.81413
Gradient_a[88] = 5.17785 -8.53102 -15.6117
Gradient_a[89] = 11.8469 20.0846 10.9491
Gradient_a[90] = 2.48496 38.0209 4.46932
Gradient_a[91] = 0.88896 -11.8797 29.9458
Gradient_a[92] = 5.91403 10.4356 -18.2748
Gradient_a[93] = -23.5071 13.5076 7.63269
Gradient_a[94] = -31.9433 0.190436 -5.78989
Gradient_a[95] = 25.2487 33.4596 5.35019
Gradient_a[96] = -39.6257 -6.19607 -67.0776
Gradient_a[97] = 1.42479 1.62676 43.8403
Gradient_a[98] = 17.8365 -46.2019 0.2023
Gradient_a[99] = -9.87286 -14.401 19.8094

Gradient_b (16)
Gradient_b = -2.73122 -2.73122 -2.73122 -2.73122 -2.73122 -2.73122 -2.73122 -2.73122 -2.73122 -2.73122 -2.73122 -2.73122 -2.73122 -2.73122 -2.73122 -2.73122

Gradient_W (100 x 3 x 16)
Gradient_W[0] =
  16.5716 16.5716 16.5716 16.5716 16.5716 16.5716 16.5716 16.5716 16.5716 16.5716 16.5716 16.5716 16.5716 16.5716 16.5716 16.5716
  -20.1701 -20.1701 -20.1701 -20.1701 -20.1701 -20.1701 -20.1701 -20.1701 -20.1701 -20.1701 -20.1701 -20.1701 -20.1701 -20.1701 -20.1701 -20.1701
  16.6344 16.6344 16.6344 16.6344 16.6344 16.6344 16.6344 16.6344 16.6344 16.6344 16.6344 16.6344 16.6344 16.6344 16.6344 16.6344

Gradient_W[1] =
  -1.31428 -1.31428 -1.31428 -1.31428 -1.31428 -1.31428 -1.31428 -1.31428 -1.31428 -1.31428 -1.31428 -1.31428 -1.31428 -1.31428 -1.31428 -1.31428
  -6.08342 -6.08342 -6.08342 -6.08342 -6.08342 -6.08342 -6.08342 -6.08342 -6.08342 -6.08342 -6.08342 -6.08342 -6.08342 -6.08342 -6.08342 -6.08342
  -22.0561 -22.0561 -22.0561 -22.0561 -22.0561 -22.0561 -22.0561 -22.0561 -22.0561 -22.0561 -22.0561 -22.0561 -22.0561 -22.0561 -22.0561 -22.0561

Gradient_W[2] =
  -35.4985 -35.4985 -35.4985 -35.4985 -35.4985 -35.4985 -35.4985 -35.4985 -35.4985 -35.4985 -35.4985 -35.4985 -35.4985 -35.4985 -35.4985 -35.4985
  -28.487 -28.487 -28.487 -28.487 -28.487 -28.487 -28.487 -28.487 -28.487 -28.487 -28.487 -28.487 -28.487 -28.487 -28.487 -28.487
  -21.9286 -21.9286 -21.9286 -21.9286 -21.9286 -21.9286 -21.9286 -21.9286 -21.9286 -21.9286 -21.9286 -21.9286 -21.9286 -21.9286 -21.9286 -21.9286

Gradient_W[3] =
  4.33154 4.33154 4.33154 4.33154 4.33154 4.33154 4.33154 4.33154 4.33154 4.33154 4.33154 4.33154 4.33154 4.33154 4.33154 4.33154
  -1.20974 -1.20974 -1.20974 -1.20974 -1.20974 -1.20974 -1.20974 -1.20974 -1.20974 -1.20974 -1.20974 -1.20974 -1.20974 -1.20974 -1.20974 -1.20974
  -16.9327 -16.9327 -16.9327 -16.9327 -16.9327 -16.9327 -16.9327 -16.9327 -16.9327 -16.9327 -16.9327 -16.9327 -16.9327 -16.9327 -16.9327 -16.9327

Gradient_W[4] =
  0.008856 0.008856 0.008856 0.008856 0.008856 0.008856 0.008856 0.008856 0.008856 0.008856 0.008856 0.008856 0.008856 0.008856 0.008856 0.008856
  -6.65947 -6.65947 -6.65947 -6.65947 -6.65947 -6.65947 -6.65947 -6.65947 -6.65947 -6.65947 -6.65947 -6.65947 -6.65947 -6.65947 -6.65947 -6.65947
  -20.7116 -20.7116 -20.7116 -20.7116 -20.7116 -20.7116 -20.7116 -20.7116 -20.7116 -20.7116 -20.7116 -20.7116 -20.7116 -20.7116 -20.7116 -20.7116

Gradient_W[5] =
  19.3389 19.3389 19.3389 19.3389 19.3389 19.3389 19.3389 19.3389 19.3389 19.3389 19.3389 19.3389 19.3389 19.3389 19.3389 19.3389
  -15.8112 -15.8112 -15.8112 -15.8112 -15.8112 -15.8112 -15.8112 -15.8112 -15.8112 -15.8112 -15.8112 -15.8112 -15.8112 -15.8112 -15.8112 -15.8112
  -11.2541 -11.2541 -11.2541 -11.2541 -11.2541 -11.2541 -11.2541 -11.2541 -11.2541 -11.2541 -11.2541 -11.2541 -11.2541 -11.2541 -11.2541 -11.2541

Gradient_W[6] =
  22.6378 22.6378 22.6378 22.6378 22.6378 22.6378 22.6378 22.6378 22.6378 22.6378 22.6378 22.6378 22.6378 22.6378 22.6378 22.6378
  -11.3264 -11.3264 -11.3264 -11.3264 -11.3264 -11.3264 -11.3264 -11.3264 -11.3264 -11.3264 -11.3264 -11.3264 -11.3264 -11.3264 -11.3264 -11.3264
  2.78624 2.78624 2.78624 2.78624 2.78624 2.78624 2.78624 2.78624 2.78624 2.78624 2.78624 2.78624 2.78624 2.78624 2.78624 2.78624

Gradient_W[7] =
  -14.954 -14.954 -14.954 -14.954 -14.954 -14.954 -14.954 -14.954 -14.954 -14.954 -14.954 -14.954 -14.954 -14.954 -14.954 -14.954
  -2.87776 -2.87776 -2.87776 -2.87776 -2.87776 -2.87776 -2.87776 -2.87776 -2.87776 -2.87776 -2.87776 -2.87776 -2.87776 -2.87776 -2.87776 -2.87776
  6.27548 6.27548 6.27548 6.27548 6.27548 6.27548 6.27548 6.27548 6.27548 6.27548 6.27548 6.27548 6.27548 6.27548 6.27548 6.27548

Gradient_W[8] =
  -1.25608 -1.25608 -1.25608 -1.25608 -1.25608 -1.25608 -1.25608 -1.25608 -1.25608 -1.25608 -1.25608 -1.25608 -1.25608 -1.25608 -1.25608 -1.25608
  -8.48285 -8.48285 -8.48285 -8.48285 -8.48285 -8.48285 -8.48285 -8.48285 -8.48285 -8.48285 -8.48285 -8.48285 -8.48285 -8.48285 -8.48285 -8.48285
  4.95108 4.95108 4.95108 4.95108 4.95108 4.95108 4.95108 4.95108 4.95108 4.95108 4.95108 4.95108 4.95108 4.95108 4.95108 4.95108

Gradient_W[9] =
  5.50296 5.50296 5.50296 5.50296 5.50296 5.50296 5.50296 5.50296 5.50296 5.50296 5.50296 5.50296 5.50296 5.50296 5.50296 5.50296
  -9.97095 -9.97095 -9.97095 -9.97095 -9.97095 -9.97095 -9.97095 -9.97095 -9.97095 -9.97095 -9.97095 -9.97095 -9.97095 -9.97095 -9.97095 -9.97095
  -11.8441 -11.8441 -11.8441 -11.8441 -11.8441 -11.8441 -11.8441 -11.8441 -11.8441 -11.8441 -11.8441 -11.8441 -11.8441 -11.8441 -11.8441 -11.8441

Gradient_W[10] =
  -9.1878 -9.1878 -9.1878 -9.1878 -9.1878 -9.1878 -9.1878 -9.1878 -9.1878 -9.1878 -9.1878 -9.1878 -9.1878 -9.1878 -9.1878 -9.1878
  -3.67704 -3.67704 -3.67704 -3.67704 -3.67704 -3.67704 -3.67704 -3.67704 -3.67704 -3.67704 -3.67704 -3.67704 -3.67704 -3.67704 -3.67704 -3.67704
  -24.7073 -24.7073 -24.7073 -24.7073 -24.7073 -24.7073 -24.7073 -24.7073 -24.7073 -24.7073 -24.7073 -24.7073 -24.7073 -24.7073 -24.7073 -24.7073

Gradient_W[11] =
  31.773 31.773 31.773 31.773 31.773 31.773 31.773 31.773 31.773 31.773 31.773 31.773 31.773 31.773 31.773 31.773
  -26.1932 -26.1932 -26.1932 -26.1932 -26.1932 -26.1932 -26.1932 -26.1932 -26.1932 -26.1932 -26.1932 -26.1932 -26.1932 -26.1932 -26.1932 -26.1932
  -17.3706 -17.3706 -17.3706 -17.3706 -17.3706 -17.3706 -17.3706 -17.3706 -17.3706 -17.3706 -17.3706 -17.3706 -17.3706 -17.3706 -17.3706 -17.3706

Gradient_W[12] =
  -23.4343 -23.4343 -23.4343 -23.4343 -23.4343 -23.4343 -23.4343 -23.4343 -23.4343 -23.4343 -23.4343 -23.4343 -23.4343 -23.4343 -23.4343 -23.4343
  12.207 12.207 12.207 12.207 12.207 12.207 12.207 12.207 12.207 12.207 12.207 12.207 12.207 12.207 12.207 12.207
  9.39271 9.39271 9.39271 9.39271 9.39271 9.39271 9.39271 9.39271 9.39271 9.39271 9.39271 9.39271 9.39271 9.39271 9.39271 9.39271

Gradient_W[13] =
  -11.4339 -11.4339 -11.4339 -11.4339 -11.4339 -11.4339 -11.4339 -11.4339 -11.4339 -11.4339 -11.4339 -11.4339 -11.4339 -11.4339 -11.4339 -11.4339
  33.4091 33.4091 33.4091 33.4091 33.4091 33.4091 33.4091 33.4091 33.4091 33.4091 33.4091 33.4091 33.4091 33.4091 33.4091 33.4091
  -30.3308 -30.3308 -30.3308 -30.3308 -30.3308 -30.3308 -30.3308 -30.3308 -30.3308 -30.3308 -30.3308 -30.3308 -30.3308 -30.3308 -30.3308 -30.3308

Gradient_W[14] =
  24.6464 24.6464 24.6464 24.6464 24.6464 24.6464 24.6464 24.6464 24.6464 24.6464 24.6464 24.6464 24.6464 24.6464 24.6464 24.6464
  -4.22309 -4.22309 -4.22309 -4.22309 -4.22309 -4.22309 -4.22309 -4.22309 -4.22309 -4.22309 -4.22309 -4.22309 -4.22309 -4.22309 -4.22309 -4.22309
  18.8631 18.8631 18.8631 18.8631 18.8631 18.8631 18.8631 18.8631 18.8631 18.8631 18.8631 18.8631 18.8631 18.8631 18.8631 18.8631

Gradient_W[15] =
  34.0479 34.0479 34.0479 34.0479 34.0479 34.0479 34.0479 34.0479 34.0479 34.0479 34.0479 34.0479 34.0479 34.0479 34.0479 34.0479
  0.0359705 0.0359705 0.0359705 0.0359705 0.0359705 0.0359705 0.0359705 0.0359705 0.0359705 0.0359705 0.0359705 0.0359705 0.0359705 0.0359705 0.0359705 0.0359705
  -30.7579 -30.7579 -30.7579 -30.7579 -30.7579 -30.7579 -30.7579 -30.7579 -30.7579 -30.7579 -30.7579 -30.7579 -30.7579 -30.7579 -30.7579 -30.7579

Gradient_W[16] =
  -0.809877 -0.809877 -0.809877 -0.809877 -0.809877 -0.809877 -0.809877 -0.809877 -0.809877 -0.809877 -0.809877 -0.809877 -0.809877 -0.809877 -0.809877 -0.809877
  12.6231 12.6231 12.6231 12.6231 12.6231 12.6231 12.6231 12.6231 12.6231 12.6231 12.6231 12.6231 12.6231 12.6231 12.6231 12.6231
  -15.6318 -15.6318 -15.6318 -15.6318 -15.6318 -15.6318 -15.6318 -15.6318 -15.6318 -15.6318 -15.6318 -15.6318 -15.6318 -15.6318 -15.6318 -15.6318

Gradient_W[17] =
  -7.53798 -7.53798 -7.53798 -7.53798 -7.53798 -7.53798 -7.53798 -7.53798 -7.53798 -7.53798 -7.53798 -7.53798 -7.53798 -7.53798 -7.53798 -7.53798
  -0.659136 -0.659136 -0.659136 -0.659136 -0.659136 -0.659136 -0.659136 -0.659136 -0.659136 -0.659136 -0.659136 -0.659136 -0.659136 -0.659136 -0.659136 -0.659136
  3.8764 3.8764 3.8764 3.8764 3.8764 3.8764 3.8764 3.8764 3.8764 3.8764 3.8764 3.8764 3.8764 3.8764 3.8764 3.8764

Gradient_W[18] =
  -55.7486 -55.7486 -55.7486 -55.7486 -55.7486 -55.7486 -55.7486 -55.7486 -55.7486 -55.7486 -55.7486 -55.7486 -55.7486 -55.7486 -55.7486 -55.7486
  15.0756 15.0756 15.0756 15.0756 15.0756 15.0756 15.0756 15.0756 15.0756 15.0756 15.0756 15.0756 15.0756 15.0756 15.0756 15.0756
  -23.2972 -23.2972 -23.2972 -23.2972 -23.2972 -23.2972 -23.2972 -23.2972 -23.2972 -23.2972 -23.2972 -23.2972 -23.2972 -23.2972 -23.2972 -23.2972

Gradient_W[19] =
  26.1816 26.1816 26.1816 26.1816 26.1816 26.1816 26.1816 26.1816 26.1816 26.1816 26.1816 26.1816 26.1816 26.1816 26.1816 26.1816
  14.2462 14.2462 14.2462 14.2462 14.2462 14.2462 14.2462 14.2462 14.2462 14.2462 14.2462 14.2462 14.2462 14.2462 14.2462 14.2462
  -11.0305 -11.0305 -11.0305 -11.0305 -11.0305 -11.0305 -11.0305 -11.0305 -11.0305 -11.0305 -11.0305 -11.0305 -11.0305 -11.0305 -11.0305 -11.0305

Gradient_W[20] =
  -26.2382 -26.2382 -26.2382 -26.2382 -26.2382 -26.2382 -26.2382 -26.2382 -26.2382 -26.2382 -26.2382 -26.2382 -26.2382 -26.2382 -26.2382 -26.2382
  -2.96146 -2.96146 -2.96146 -2.96146 -2.96146 -2.96146 -2.96146 -2.96146 -2.96146 -2.96146 -2.96146 -2.96146 -2.96146 -2.96146 -2.96146 -2.96146
  -16.4331 -16.4331 -16.4331 -16.4331 -16.4331 -16.4331 -16.4331 -16.4331 -16.4331 -16.4331 -16.4331 -16.4331 -16.4331 -16.4331 -16.4331 -16.4331

Gradient_W[21] =
  -28.9135 -28.9135 -28.9135 -28.9135 -28.9135 -28.9135 -28.9135 -28.9135 -28.9135 -28.9135 -28.9135 -28.9135 -28.9135 -28.9135 -28.9135 -28.9135
  -1.1077 -1.1077 -1.1077 -1.1077 -1.1077 -1.1077 -1.1077 -1.1077 -1.1077 -1.1077 -1.1077 -1.1077 -1.1077 -1.1077 -1.1077 -1.1077
  25.4095 25.4095 25.4095 25.4095 25.4095 25.4095 25.4095 25.4095 25.4095 25.4095 25.4095 25.4095 25.4095 25.4095 25.4095 25.4095

Gradient_W[22] =
  25.2766 25.2766 25.2766 25.2766 25.2766 25.2766 25.2766 25.2766 25.2766 25.2766 25.2766 25.2766 25.2766 25.2766 25.2766 25.2766
  -8.08294 -8.08294 -8.08294 -8.08294 -8.08294 -8.08294 -8.08294 -8.08294 -8.08294 -8.08294 -8.08294 -8.08294 -8.08294 -8.08294 -8.08294 -8.08294
  24.9979 24.9979 24.9979 24.9979 24.9979 24.9979 24.9979 24.9979 24.9979 24.9979 24.9979 24.9979 24.9979 24.9979 24.9979 24.9979

Gradient_W[23] =
  40.3803 40.3803 40.3803 40.3803 40.3803 40.3803 40.3803 40.3803 40.3803 40.3803 40.3803 40.3803 40.3803 40.3803 40.3803 40.3803
  -27.4624 -27.4624 -27.4624 -27.4624 -27.4624 -27.4624 -27.4624 -27.4624 -27.4624 -27.4624 -27.4624 -27.4624 -27.4624 -27.4624 -27.4624 -27.4624
  14.0523 14.0523 14.0523 14.0523 14.0523 14.0523 14.0523 14.0523 14.0523 14.0523 14.0523 14.0523 14.0523 14.0523 14.0523 14.0523

Gradient_W[24] =
  19.4789 19.4789 19.4789 19.4789 19.4789 19.4789 19.4789 19.4789 19.4789 19.4789 19.4789 19.4789 19.4789 19.4789 19.4789 19.4789
  -18.6044 -18.6044 -18.6044 -18.6044 -18.6044 -18.6044 -18.6044 -18.6044 -18.6044 -18.6044 -18.6044 -18.6044 -18.6044 -18.6044 -18.6044 -18.6044
  11.9709 11.9709 11.9709 11.9709 11.9709 11.9709 11.9709 11.9709 11.9709 11.9709 11.9709 11.9709 11.9709 11.9709 11.9709 11.9709

Gradient_W[25] =
  23.6106 23.6106 23.6106 23.6106 23.6106 23.6106 23.6106 23.6106 23.6106 23.6106 23.6106 23.6106 23.6106 23.6106 23.6106 23.6106
  -4.50553 -4.50553 -4.50553 -4.50553 -4.50553 -4.50553 -4.50553 -4.50553 -4.50553 -4.50553 -4.50553 -4.50553 -4.50553 -4.50553 -4.50553 -4.50553
  11.7524 11.7524 11.7524 11.7524 11.7524 11.7524 11.7524 11.7524 11.7524 11.7524 11.7524 11.7524 11.7524 11.7524 11.7524 11.7524

Gradient_W[26] =
  -3.34234 -3.34234 -3.34234 -3.34234 -3.34234 -3.34234 -3.34234 -3.34234 -3.34234 -3.34234 -3.34234 -3.34234 -3.34234 -3.34234 -3.34234 -3.34234
  -3.64012 -3.64012 -3.64012 -3.64012 -3.64012 -3.64012 -3.64012 -3.64012 -3.64012 -3.64012 -3.64012 -3.64012 -3.64012 -3.64012 -3.64012 -3.64012
  -0.891652 -0.891652 -0.891652 -0.891652 -0.891652 -0.891652 -0.891652 -0.891652 -0.891652 -0.891652 -0.891652 -0.891652 -0.891652 -0.891652 -0.891652 -0.891652

Gradient_W[27] =
  32.199 32.199 32.199 32.199 32.199 32.199 32.199 32.199 32.199 32.199 32.199 32.199 32.199 32.199 32.199 32.199
  -23.2213 -23.2213 -23.2213 -23.2213 -23.2213 -23.2213 -23.2213 -23.2213 -23.2213 -23.2213 -23.2213 -23.2213 -23.2213 -23.2213 -23.2213 -23.2213
  18.3958 18.3958 18.3958 18.3958 18.3958 18.3958 18.3958 18.3958 18.3958 18.3958 18.3958 18.3958 18.3958 18.3958 18.3958 18.3958

Gradient_W[28] =
  23.0449 23.0449 23.0449 23.0449 23.0449 23.0449 23.0449 23.0449 23.0449 23.0449 23.0449 23.0449 23.0449 23.0449 23.0449 23.0449
  -3.3683 -3.3683 -3.3683 -3.3683 -3.3683 -3.3683 -3.3683 -3.3683 -3.3683 -3.3683 -3.3683 -3.3683 -3.3683 -3.3683 -3.3683 -3.3683
  -22.2363 -22.2363 -22.2363 -22.2363 -22.2363 -22.2363 -22.2363 -22.2363 -22.2363 -22.2363 -22.2363 -22.2363 -22.2363 -22.2363 -22.2363 -22.2363

Gradient_W[29] =
  -27.6227 -27.6227 -27.6227 -27.6227 -27.6227 -27.6227 -27.6227 -27.6227 -27.6227 -27.6227 -27.6227 -27.6227 -27.6227 -27.6227 -27.6227 -27.6227
  -10.1691 -10.1691 -10.1691 -10.1691 -10.1691 -10.1691 -10.1691 -10.1691 -10.1691 -10.1691 -10.1691 -10.1691 -10.1691 -10.1691 -10.1691 -10.1691
  -28.0164 -28.0164 -28.0164 -28.0164 -28.0164 -28.0164 -28.0164 -28.0164 -28.0164 -28.0164 -28.0164 -28.0164 -28.0164 -28.0164 -28.0164 -28.0164

Gradient_W[30] =
  12.3942 12.3942 12.3942 12.3942 12.3942 12.3942 12.3942 12.3942 12.3942 12.3942 12.3942 12.3942 12.3942 12.3942 12.3942 12.3942
  13.7393 13.7393 13.7393 13.7393 13.7393 13.7393 13.7393 13.7393 13.7393 13.7393 13.7393 13.7393 13.7393 13.7393 13.7393 13.7393
  1.54242 1.54242 1.54242 1.54242 1.54242 1.54242 1.54242 1.54242 1.54242 1.54242 1.54242 1.54242 1.54242 1.54242 1.54242 1.54242

Gradient_W[31] =
  11.0087 11.0087 11.0087 11.0087 11.0087 11.0087 11.0087 11.0087 11.0087 11.0087 11.0087 11.0087 11.0087 11.0087 11.0087 11.0087
  7.92052 7.92052 7.92052 7.92052 7.92052 7.92052 7.92052 7.92052 7.92052 7.92052 7.92052 7.92052 7.92052 7.92052 7.92052 7.92052
  1.13342 1.13342 1.13342 1.13342 1.13342 1.13342 1.13342 1.13342 1.13342 1.13342 1.13342 1.13342 1.13342 1.13342 1.13342 1.13342

Gradient_W[32] =
  15.9993 15.9993 15.9993 15.9993 15.9993 15.9993 15.9993 15.9993 15.9993 15.9993 15.9993 15.9993 15.9993 15.9993 15.9993 15.9993
  -28.8589 -28.8589 -28.8589 -28.8589 -28.8589 -28.8589 -28.8589 -28.8589 -28.8589 -28.8589 -28.8589 -28.8589 -28.8589 -28.8589 -28.8589 -28.8589
  29.9935 29.9935 29.9935 29.9935 29.9935 29.9935 29.9935 29.9935 29.9935 29.9935 29.9935 29.9935 29.9935 29.9935 29.9935 29.9935

Gradient_W[33] =
  -4.35663 -4.35663 -4.35663 -4.35663 -4.35663 -4.35663 -4.35663 -4.35663 -4.35663 -4.35663 -4.35663 -4.35663 -4.35663 -4.35663 -4.35663 -4.35663
  -0.366037 -0.366037 -0.366037 -0.366037 -0.366037 -0.366037 -0.366037 -0.366037 -0.366037 -0.366037 -0.366037 -0.366037 -0.366037 -0.366037 -0.366037 -0.366037
  -15.7147 -15.7147 -15.7147 -15.7147 -15.7147 -15.7147 -15.7147 -15.7147 -15.7147 -15.7147 -15.7147 -15.7147 -15.7147 -15.7147 -15.7147 -15.7147

Gradient_W[34] =
  -20.4269 -20.4269 -20.4269 -20.4269 -20.4269 -20.4269 -20.4269 -20.4269 -20.4269 -20.4269 -20.4269 -20.4269 -20.4269 -20.4269 -20.4269 -20.4269
  -21.48 -21.48 -21.48 -21.48 -21.48 -21.48 -21.48 -21.48 -21.48 -21.48 -21.48 -21.48 -21.48 -21.48 -21.48 -21.48
  8.01374 8.01374 8.01374 8.01374 8.01374 8.01374 8.01374 8.01374 8.01374 8.01374 8.01374 8.01374 8.01374 8.01374 8.01374 8.01374

Gradient_W[35] =
  15.4617 15.4617 15.4617 15.4617 15.4617 15.4617 15.4617 15.4617 15.4617 15.4617 15.4617 15.4617 15.4617 15.4617 15.4617 15.4617
  -9.03185 -9.03185 -9.03185 -9.03185 -9.03185 -9.03185 -9.03185 -9.03185 -9.03185 -9.03185 -9.03185 -9.03185 -9.03185 -9.03185 -9.03185 -9.03185
  18.7039 18.7039 18.7039 18.7039 18.7039 18.7039 18.7039 18.7039 18.7039 18.7039 18.7039 18.7039 18.7039 18.7039 18.7039 18.7039

Gradient_W[36] =
  18.7289 18.7289 18.7289 18.7289 18.7289 18.7289 18.7289 18.7289 18.7289 18.7289 18.7289 18.7289 18.7289 18.7289 18.7289 18.7289
  -3.2238 -3.2238 -3.2238 -3.2238 -3.2238 -3.2238 -3.2238 -3.2238 -3.2238 -3.2238 -3.2238 -3.2238 -3.2238 -3.2238 -3.2238 -3.2238
  -19.536 -19.536 -19.536 -19.536 -19.536 -19.536 -19.536 -19.536 -19.536 -19.536 -19.536 -19.536 -19.536 -19.536 -19.536 -19.536

Gradient_W[37] =
  19.8652 19.8652 19.8652 19.8652 19.8652 19.8652 19.8652 19.8652 19.8652 19.8652 19.8652 19.8652 19.8652 19.8652 19.8652 19.8652
  6.05629 6.05629 6.05629 6.05629 6.05629 6.05629 6.05629 6.05629 6.05629 6.05629 6.05629 6.05629 6.05629 6.05629 6.05629 6.05629
  18.7185 18.7185 18.7185 18.7185 18.7185 18.7185 18.7185 18.7185 18.7185 18.7185 18.7185 18.7185 18.7185 18.7185 18.7185 18.7185

Gradient_W[38] =
  7.53449 7.53449 7.53449 7.53449 7.53449 7.53449 7.53449 7.53449 7.53449 7.53449 7.53449 7.53449 7.53449 7.53449 7.53449 7.53449
  -4.57276 -4.57276 -4.57276 -4.57276 -4.57276 -4.57276 -4.57276 -4.57276 -4.57276 -4.57276 -4.57276 -4.57276 -4.57276 -4.57276 -4.57276 -4.57276
  -36.7225 -36.7225 -36.7225 -36.7225 -36.7225 -36.7225 -36.7225 -36.7225 -36.7225 -36.7225 -36.7225 -36.7225 -36.7225 -36.7225 -36.7225 -36.7225

Gradient_W[39] =
  20.7538 20.7538 20.7538 20.7538 20.7538 20.7538 20.7538 20.7538 20.7538 20.7538 20.7538 20.7538 20.7538 20.7538 20.7538 20.7538
  -28.0586 -28.0586 -28.0586 -28.0586 -28.0586 -28.0586 -28.0586 -28.0586 -28.0586 -28.0586 -28.0586 -28.0586 -28.0586 -28.0586 -28.0586 -28.0586
  -21.5523 -21.5523 -21.5523 -21.5523 -21.5523 -21.5523 -21.5523 -21.5523 -21.5523 -21.5523 -21.5523 -21.5523 -21.5523 -21.5523 -21.5523 -21.5523

Gradient_W[40] =
  -18.0955 -18.0955 -18.0955 -18.0955 -18.0955 -18.0955 -18.0955 -18.0955 -18.0955 -18.0955 -18.0955 -18.0955 -18.0955 -18.0955 -18.0955 -18.0955
  22.2013 22.2013 22.2013 22.2013 22.2013 22.2013 22.2013 22.2013 22.2013 22.2013 22.2013 22.2013 22.2013 22.2013 22.2013 22.2013
  21.5448 21.5448 21.5448 21.5448 21.5448 21.5448 21.5448 21.5448 21.5448 21.5448 21.5448 21.5448 21.5448 21.5448 21.5448 21.5448

Gradient_W[41] =
  -11.2972 -11.2972 -11.2972 -11.2972 -11.2972 -11.2972 -11.2972 -11.2972 -11.2972 -11.2972 -11.2972 -11.2972 -11.2972 -11.2972 -11.2972 -11.2972
  0.705043 0.705043 0.705043 0.705043 0.705043 0.705043 0.705043 0.705043 0.705043 0.705043 0.705043 0.705043 0.705043 0.705043 0.705043 0.705043
  -11.5105 -11.5105 -11.5105 -11.5105 -11.5105 -11.5105 -11.5105 -11.5105 -11.5105 -11.5105 -11.5105 -11.5105 -11.5105 -11.5105 -11.5105 -11.5105

Gradient_W[42] =
  9.59763 9.59763 9.59763 9.59763 9.59763 9.59763 9.59763 9.59763 9.59763 9.59763 9.59763 9.59763 9.59763 9.59763 9.59763 9.59763
  15.4299 15.4299 15.4299 15.4299 15.4299 15.4299 15.4299 15.4299 15.4299 15.4299 15.4299 15.4299 15.4299 15.4299 15.4299 15.4299
  19.0348 19.0348 19.0348 19.0348 19.0348 19.0348 19.0348 19.0348 19.0348 19.0348 19.0348 19.0348 19.0348 19.0348 19.0348 19.0348

Gradient_W[43] =
  -3.67063 -3.67063 -3.67063 -3.67063 -3.67063 -3.67063 -3.67063 -3.67063 -3.67063 -3.67063 -3.67063 -3.67063 -3.67063 -3.67063 -3.67063 -3.67063
  -14.2675 -14.2675 -14.2675 -14.2675 -14.2675 -14.2675 -14.2675 -14.2675 -14.2675 -14.2675 -14.2675 -14.2675 -14.2675 -14.2675 -14.2675 -14.2675
  -23.7751 -23.7751 -23.7751 -23.7751 -23.7751 -23.7751 -23.7751 -23.7751 -23.7751 -23.7751 -23.7751 -23.7751 -23.7751 -23.7751 -23.7751 -23.7751

Gradient_W[44] =
  -5.42497 -5.42497 -5.42497 -5.42497 -5.42497 -5.42497 -5.42497 -5.42497 -5.42497 -5.42497 -5.42497 -5.42497 -5.42497 -5.42497 -5.42497 -5.42497
  -33.5332 -33.5332 -33.5332 -33.5332 -33.5332 -33.5332 -33.5332 -33.5332 -33.5332 -33.5332 -33.5332 -33.5332 -33.5332 -33.5332 -33.5332 -33.5332
  18.9288 18.9288 18.9288 18.9288 18.9288 18.9288 18.9288 18.9288 18.9288 18.9288 18.9288 18.9288 18.9288 18.9288 18.9288 18.9288

Gradient_W[45] =
  8.57174 8.57174 8.57174 8.57174 8.57174 8.57174 8.57174 8.57174 8.57174 8.57174 8.57174 8.57174 8.57174 8.57174 8.57174 8.57174
  5.22025 5.22025 5.22025 5.22025 5.22025 5.22025 5.22025 5.22025 5.22025 5.22025 5.22025 5.22025 5.22025 5.22025 5.22025 5.22025
  -3.83726 -3.83726 -3.83726 -3.83726 -3.83726 -3.83726 -3.83726 -3.83726 -3.83726 -3.83726 -3.83726 -3.83726 -3.83726 -3.83726 -3.83726 -3.83726

Gradient_W[46] =
  -31.8536 -31.8536 -31.8536 -31.8536 -31.8536 -31.8536 -31.8536 -31.8536 -31.8536 -31.8536 -31.8536 -31.8536 -31.8536 -31.8536 -31.8536 -31.8536
  15.1506 15.1506 15.1506 15.1506 15.1506 15.1506 15.1506 15.1506 15.1506 15.1506 15.1506 15.1506 15.1506 15.1506 15.1506 15.1506
  -11.1857 -11.1857 -11.1857 -11.1857 -11.1857 -11.1857 -11.1857 -11.1857 -11.1857 -11.1857 -11.1857 -11.1857 -11.1857 -11.1857 -11.1857 -11.1857

Gradient_W[47] =
  -7.6933 -7.6933 -7.6933 -7.6933 -7.6933 -7.6933 -7.6933 -7.6933 -7.6933 -7.6933 -7.6933 -7.6933 -7.6933 -7.6933 -7.6933 -7.6933
  -3.49565 -3.49565 -3.49565 -3.49565 -3.49565 -3.49565 -3.49565 -3.49565 -3.49565 -3.49565 -3.49565 -3.49565 -3.49565 -3.49565 -3.49565 -3.49565
  -16.5891 -16.5891 -16.5891 -16.5891 -16.5891 -16.5891 -16.5891 -16.5891 -16.5891 -16.5891 -16.5891 -16.5891 -16.5891 -16.5891 -16.5891 -16.5891

Gradient_W[48] =
  -19.4168 -19.4168 -19.4168 -19.4168 -19.4168 -19.4168 -19.4168 -19.4168 -19.4168 -19.4168 -19.4168 -19.4168 -19.4168 -19.4168 -19.4168 -19.4168
  54.6819 54.6819 54.6819 54.6819 54.6819 54.6819 54.6819 54.6819 54.6819 54.6819 54.6819 54.6819 54.6819 54.6819 54.6819 54.6819
  4.27 4.27 4.27 4.27 4.27 4.27 4.27 4.27 4.27 4.27 4.27 4.27 4.27 4.27 4.27 4.27

Gradient_W[49] =
  13.8476 13.8476 13.8476 13.8476 13.8476 13.8476 13.8476 13.8476 13.8476 13.8476 13.8476 13.8476 13.8476 13.8476 13.8476 13.8476
  -28.2147 -28.2147 -28.2147 -28.2147 -28.2147 -28.2147 -28.2147 -28.2147 -28.2147 -28.2147 -28.2147 -28.2147 -28.2147 -28.2147 -28.2147 -28.2147
  13.2533 13.2533 13.2533 13.2533 13.2533 13.2533 13.2533 13.2533 13.2533 13.2533 13.2533 13.2533 13.2533 13.2533 13.2533 13.2533

Gradient_W[50] =
  -16.1472 -16.1472 -16.1472 -16.1472 -16.1472 -16.1472 -16.1472 -16.1472 -16.1472 -16.1472 -16.1472 -16.1472 -16.1472 -16.1472 -16.1472 -16.1472
  -20.1381 -20.1381 -20.1381 -20.1381 -20.1381 -20.1381 -20.1381 -20.1381 -20.1381 -20.1381 -20.1381 -20.1381 -20.1381 -20.1381 -20.1381 -20.1381
  1.97767 1.97767 1.97767 1.97767 1.97767 1.97767 1.97767 1.97767 1.97767 1.97767 1.97767 1.97767 1.97767 1.97767 1.97767 1.97767

Gradient_W[51] =
  5.24599 5.24599 5.24599 5.24599 5.24599 5.24599 5.24599 5.24599 5.24599 5.24599 5.24599 5.24599 5.24599 5.24599 5.24599 5.24599
  -1.85776 -1.85776 -1.85776 -1.85776 -1.85776 -1.85776 -1.85776 -1.85776 -1.85776 -1.85776 -1.85776 -1.85776 -1.85776 -1.85776 -1.85776 -1.85776
  20.1606 20.1606 20.1606 20.1606 20.1606 20.1606 20.1606 20.1606 20.1606 20.1606 20.1606 20.1606 20.1606 20.1606 20.1606 20.1606

Gradient_W[52] =
  10.4316 10.4316 10.4316 10.4316 10.4316 10.4316 10.4316 10.4316 10.4316 10.4316 10.4316 10.4316 10.4316 10.4316 10.4316 10.4316
  -15.654 -15.654 -15.654 -15.654 -15.654 -15.654 -15.654 -15.654 -15.654 -15.654 -15.654 -15.654 -15.654 -15.654 -15.654 -15.654
  1.73025 1.73025 1.73025 1.73025 1.73025 1.73025 1.73025 1.73025 1.73025 1.73025 1.73025 1.73025 1.73025 1.73025 1.73025 1.73025

Gradient_W[53] =
  28.6626 28.6626 28.6626 28.6626 28.6626 28.6626 28.6626 28.6626 28.6626 28.6626 28.6626 28.6626 28.6626 28.6626 28.6626 28.6626
  -16.2631 -16.2631 -16.2631 -16.2631 -16.2631 -16.2631 -16.2631 -16.2631 -16.2631 -16.2631 -16.2631 -16.2631 -16.2631 -16.2631 -16.2631 -16.2631
  17.022 17.022 17.022 17.022 17.022 17.022 17.022 17.022 17.022 17.022 17.022 17.022 17.022 17.022 17.022 17.022

Gradient_W[54] =
  26.8735 26.8735 26.8735 26.8735 26.8735 26.8735 26.8735 26.8735 26.8735 26.8735 26.8735 26.8735 26.8735 26.8735 26.8735 26.8735
  6.62221 6.62221 6.62221 6.62221 6.62221 6.62221 6.62221 6.62221 6.62221 6.62221 6.62221 6.62221 6.62221 6.62221 6.62221 6.62221
  -5.17258 -5.17258 -5.17258 -5.17258 -5.17258 -5.17258 -5.17258 -5.17258 -5.17258 -5.17258 -5.17258 -5.17258 -5.17258 -5.17258 -5.17258 -5.17258

Gradient_W[55] =
  5.49828 5.49828 5.49828 5.49828 5.49828 5.49828 5.49828 5.49828 5.49828 5.49828 5.49828 5.49828 5.49828 5.49828 5.49828 5.49828
  -1.00405 -1.00405 -1.00405 -1.00405 -1.00405 -1.00405 -1.00405 -1.00405 -1.00405 -1.00405 -1.00405 -1.00405 -1.00405 -1.00405 -1.00405 -1.00405
  -12.9211 -12.9211 -12.9211 -12.9211 -12.9211 -12.9211 -12.9211 -12.9211 -12.9211 -12.9211 -12.9211 -12.9211 -12.9211 -12.9211 -12.9211 -12.9211

Gradient_W[56] =
  18.9244 18.9244 18.9244 18.9244 18.9244 18.9244 18.9244 18.9244 18.9244 18.9244 18.9244 18.9244 18.9244 18.9244 18.9244 18.9244
  -20.3506 -20.3506 -20.3506 -20.3506 -20.3506 -20.3506 -20.3506 -20.3506 -20.3506 -20.3506 -20.3506 -20.3506 -20.3506 -20.3506 -20.3506 -20.3506
  43.6047 43.6047 43.6047 43.6047 43.6047 43.6047 43.6047 43.6047 43.6047 43.6047 43.6047 43.6047 43.6047 43.6047 43.6047 43.6047

Gradient_W[57] =
  1.22755 1.22755 1.22755 1.22755 1.22755 1.22755 1.22755 1.22755 1.22755 1.22755 1.22755 1.22755 1.22755 1.22755 1.22755 1.22755
  -0.195165 -0.195165 -0.195165 -0.195165 -0.195165 -0.195165 -0.195165 -0.195165 -0.195165 -0.195165 -0.195165 -0.195165 -0.195165 -0.195165 -0.195165 -0.195165
  -4.66618 -4.66618 -4.66618 -4.66618 -4.66618 -4.66618 -4.66618 -4.66618 -4.66618 -4.66618 -4.66618 -4.66618 -4.66618 -4.66618 -4.66618 -4.66618

Gradient_W[58] =
  8.77537 8.77537 8.77537 8.77537 8.77537 8.77537 8.77537 8.77537 8.77537 8.77537 8.77537 8.77537 8.77537 8.77537 8.77537 8.77537
  -13.1368 -13.1368 -13.1368 -13.1368 -13.1368 -13.1368 -13.1368 -13.1368 -13.1368 -13.1368 -13.1368 -13.1368 -13.1368 -13.1368 -13.1368 -13.1368
  11.1872 11.1872 11.1872 11.1872 11.1872 11.1872 11.1872 11.1872 11.1872 11.1872 11.1872 11.1872 11.1872 11.1872 11.1872 11.1872

Gradient_W[59] =
  9.19168 9.19168 9.19168 9.19168 9.19168 9.19168 9.19168 9.19168 9.19168 9.19168 9.19168 9.19168 9.19168 9.19168 9.19168 9.19168
  -4.40012 -4.40012 -4.40012 -4.40012 -4.40012 -4.40012 -4.40012 -4.40012 -4.40012 -4.40012 -4.40012 -4.40012 -4.40012 -4.40012 -4.40012 -4.40012
  -7.27825 -7.27825 -7.27825 -7.27825 -7.27825 -7.27825 -7.27825 -7.27825 -7.27825 -7.27825 -7.27825 -7.27825 -7.27825 -7.27825 -7.27825 -7.27825

Gradient_W[60] =
  -1.49329 -1.49329 -1.49329 -1.49329 -1.49329 -1.49329 -1.49329 -1.49329 -1.49329 -1.49329 -1.49329 -1.49329 -1.49329 -1.49329 -1.49329 -1.49329
  4.13014 4.13014 4.13014 4.13014 4.13014 4.13014 4.13014 4.13014 4.13014 4.13014 4.13014 4.13014 4.13014 4.13014 4.13014 4.13014
  32.2817 32.2817 32.2817 32.2817 32.2817 32.2817 32.2817 32.2817 32.2817 32.2817 32.2817 32.2817 32.2817 32.2817 32.2817 32.2817

Gradient_W[61] =
  -19.2713 -19.2713 -19.2713 -19.2713 -19.2713 -19.2713 -19.2713 -19.2713 -19.2713 -19.2713 -19.2713 -19.2713 -19.2713 -19.2713 -19.2713 -19.2713
  10.4206 10.4206 10.4206 10.4206 10.4206 10.4206 10.4206 10.4206 10.4206 10.4206 10.4206 10.4206 10.4206 10.4206 10.4206 10.4206
  -40.9069 -40.9069 -40.9069 -40.9069 -40.9069 -40.9069 -40.9069 -40.9069 -40.9069 -40.9069 -40.9069 -40.9069 -40.9069 -40.9069 -40.9069 -40.9069

Gradient_W[62] =
  23.4538 23.4538 23.4538 23.4538 23.4538 23.4538 23.4538 23.4538 23.4538 23.4538 23.4538 23.4538 23.4538 23.4538 23.4538 23.4538
  -1.91552 -1.91552 -1.91552 -1.91552 -1.91552 -1.91552 -1.91552 -1.91552 -1.91552 -1.91552 -1.91552 -1.91552 -1.91552 -1.91552 -1.91552 -1.91552
  24.7232 24.7232 24.7232 24.7232 24.7232 24.7232 24.7232 24.7232 24.7232 24.7232 24.7232 24.7232 24.7232 24.7232 24.7232 24.7232

Gradient_W[63] =
  8.6955 8.6955 8.6955 8.6955 8.6955 8.6955 8.6955 8.6955 8.6955 8.6955 8.6955 8.6955 8.6955 8.6955 8.6955 8.6955
  20.5133 20.5133 20.5133 20.5133 20.5133 20.5133 20.5133 20.5133 20.5133 20.5133 20.5133 20.5133 20.5133 20.5133 20.5133 20.5133
  18.6814 18.6814 18.6814 18.6814 18.6814 18.6814 18.6814 18.6814 18.6814 18.6814 18.6814 18.6814 18.6814 18.6814 18.6814 18.6814

Gradient_W[64] =
  2.51769 2.51769 2.51769 2.51769 2.51769 2.51769 2.51769 2.51769 2.51769 2.51769 2.51769 2.51769 2.51769 2.51769 2.51769 2.51769
  -3.56726 -3.56726 -3.56726 -3.56726 -3.56726 -3.56726 -3.56726 -3.56726 -3.56726 -3.56726 -3.56726 -3.56726 -3.56726 -3.56726 -3.56726 -3.56726
  29.1154 29.1154 29.1154 29.1154 29.1154 29.1154 29.1154 29.1154 29.1154 29.1154 29.1154 29.1154 29.1154 29.1154 29.1154 29.1154

Gradient_W[65] =
  12.1647 12.1647 12.1647 12.1647 12.1647 12.1647 12.1647 12.1647 12.1647 12.1647 12.1647 12.1647 12.1647 12.1647 12.1647 12.1647
  1.2015 1.2015 1.2015 1.2015 1.2015 1.2015 1.2015 1.2015 1.2015 1.2015 1.2015 1.2015 1.2015 1.2015 1.2015 1.2015
  44.0841 44.0841 44.0841 44.0841 44.0841 44.0841 44.0841 44.0841 44.0841 44.0841 44.0841 44.0841 44.0841 44.0841 44.0841 44.0841

Gradient_W[66] =
  -0.822849 -0.822849 -0.822849 -0.822849 -0.822849 -0.822849 -0.822849 -0.822849 -0.822849 -0.822849 -0.822849 -0.822849 -0.822849 -0.822849 -0.822849 -0.822849
  -1.15713 -1.15713 -1.15713 -1.15713 -1.15713 -1.15713 -1.15713 -1.15713 -1.15713 -1.15713 -1.15713 -1.15713 -1.15713 -1.15713 -1.15713 -1.15713
  -14.5998 -14.5998 -14.5998 -14.5998 -14.5998 -14.5998 -14.5998 -14.5998 -14.5998 -14.5998 -14.5998 -14.5998 -14.5998 -14.5998 -14.5998 -14.5998

Gradient_W[67] =
  37.9978 37.9978 37.9978 37.9978 37.9978 37.9978 37.9978 37.9978 37.9978 37.9978 37.9978 37.9978 37.9978 37.9978 37.9978 37.9978
  -9.54912 -9.54912 -9.54912 -9.54912 -9.54912 -9.54912 -9.54912 -9.54912 -9.54912 -9.54912 -9.54912 -9.54912 -9.54912 -9.54912 -9.54912 -9.54912
  -23.7511 -23.7511 -23.7511 -23.7511 -23.7511 -23.7511 -23.7511 -23.7511 -23.7511 -23.7511 -23.7511 -23.7511 -23.7511 -23.7511 -23.7511 -23.7511

Gradient_W[68] =
  -15.2684 -15.2684 -15.2684 -15.2684 -15.2684 -15.2684 -15.2684 -15.2684 -15.2684 -15.2684 -15.2684 -15.2684 -15.2684 -15.2684 -15.2684 -15.2684
  4.71322 4.71322 4.71322 4.71322 4.71322 4.71322 4.71322 4.71322 4.71322 4.71322 4.71322 4.71322 4.71322 4.71322 4.71322 4.71322
  4.01059 4.01059 4.01059 4.01059 4.01059 4.01059 4.01059 4.01059 4.01059 4.01059 4.01059 4.01059 4.01059 4.01059 4.01059 4.01059

Gradient_W[69] =
  43.5635 43.5635 43.5635 43.5635 43.5635 43.5635 43.5635 43.5635 43.5635 43.5635 43.5635 43.5635 43.5635 43.5635 43.5635 43.5635
  25.8632 25.8632 25.8632 25.8632 25.8632 25.8632 25.8632 25.8632 25.8632 25.8632 25.8632 25.8632 25.8632 25.8632 25.8632 25.8632
  23.899 23.899 23.899 23.899 23.899 23.899 23.899 23.899 23.899 23.899 23.899 23.899 23.899 23.899 23.899 23.899

Gradient_W[70] =
  -3.22412 -3.22412 -3.22412 -3.22412 -3.22412 -3.22412 -3.22412 -3.22412 -3.22412 -3.22412 -3.22412 -3.22412 -3.22412 -3.22412 -3.22412 -3.22412
  -18.1215 -18.1215 -18.1215 -18.1215 -18.1215 -18.1215 -18.1215 -18.1215 -18.1215 -18.1215 -18.1215 -18.1215 -18.1215 -18.1215 -18.1215 -18.1215
  23.6771 23.6771 23.6771 23.6771 23.6771 23.6771 23.6771 23.6771 23.6771 23.6771 23.6771 23.6771 23.6771 23.6771 23.6771 23.6771

Gradient_W[71] =
  -2.89883 -2.89883 -2.89883 -2.89883 -2.89883 -2.89883 -2.89883 -2.89883 -2.89883 -2.89883 -2.89883 -2.89883 -2.89883 -2.89883 -2.89883 -2.89883
  -29.5323 -29.5323 -29.5323 -29.5323 -29.5323 -29.5323 -29.5323 -29.5323 -29.5323 -29.5323 -29.5323 -29.5323 -29.5323 -29.5323 -29.5323 -29.5323
  -9.67236 -9.67236 -9.67236 -9.67236 -9.67236 -9.67236 -9.67236 -9.67236 -9.67236 -9.67236 -9.67236 -9.67236 -9.67236 -9.67236 -9.67236 -9.67236

Gradient_W[72] =
  -7.74152 -7.74152 -7.74152 -7.74152 -7.74152 -7.74152 -7.74152 -7.74152 -7.74152 -7.74152 -7.74152 -7.74152 -7.74152 -7.74152 -7.74152 -7.74152
  17.3115 17.3115 17.3115 17.3115 17.3115 17.3115 17.3115 17.3115 17.3115 17.3115 17.3115 17.3115 17.3115 17.3115 17.3115 17.3115
  7.87427 7.87427 7.87427 7.87427 7.87427 7.87427 7.87427 7.87427 7.87427 7.87427 7.87427 7.87427 7.87427 7.87427 7.87427 7.87427

Gradient_W[73] =
  -36.5949 -36.5949 -36.5949 -36.5949 -36.5949 -36.5949 -36.5949 -36.5949 -36.5949 -36.5949 -36.5949 -36.5949 -36.5949 -36.5949 -36.5949 -36.5949
  -23.3005 -23.3005 -23.3005 -23.3005 -23.3005 -23.3005 -23.3005 -23.3005 -23.3005 -23.3005 -23.3005 -23.3005 -23.3005 -23.3005 -23.3005 -23.3005
  62.0868 62.0868 62.0868 62.0868 62.0868 62.0868 62.0868 62.0868 62.0868 62.0868 62.0868 62.0868 62.0868 62.0868 62.0868 62.0868

Gradient_W[74] =
  -2.18417 -2.18417 -2.18417 -2.18417 -2.18417 -2.18417 -2.18417 -2.18417 -2.18417 -2.18417 -2.18417 -2.18417 -2.18417 -2.18417 -2.18417 -2.18417
  10.7344 10.7344 10.7344 10.7344 10.7344 10.7344 10.7344 10.7344 10.7344 10.7344 10.7344 10.7344 10.7344 10.7344 10.7344 10.7344
  26.2751 26.2751 26.2751 26.2751 26.2751 26.2751 26.2751 26.2751 26.2751 26.2751 26.2751 26.2751 26.2751 26.2751 26.2751 26.2751

Gradient_W[75] =
  -46.7515 -46.7515 -46.7515 -46.7515 -46.7515 -46.7515 -46.7515 -46.7515 -46.7515 -46.7515 -46.7515 -46.7515 -46.7515 -46.7515 -46.7515 -46.7515
  1.40845 1.40845 1.40845 1.40845 1.40845 1.40845 1.40845 1.40845 1.40845 1.40845 1.40845 1.40845 1.40845 1.40845 1.40845 1.40845
  19.7665 19.7665 19.7665 19.7665 19.7665 19.7665 19.7665 19.7665 19.7665 19.7665 19.7665 19.7665 19.7665 19.7665 19.7665 19.7665

Gradient_W[76] =
  17.6655 17.6655 17.6655 17.6655 17.6655 17.6655 17.6655 17.6655 17.6655 17.6655 17.6655 17.6655 17.6655 17.6655 17.6655 17.6655
  21.0239 21.0239 21.0239 21.0239 21.0239 21.0239 21.0239 21.0239 21.0239 21.0239 21.0239 21.0239 21.0239 21.0239 21.0239 21.0239
  -13.818 -13.818 -13.818 -13.818 -13.818 -13.818 -13.818 -13.818 -13.818 -13.818 -13.818 -13.818 -13.818 -13.818 -13.818 -13.818

Gradient_W[77] =
  4.79678 4.79678 4.79678 4.79678 4.79678 4.79678 4.79678 4.79678 4.79678 4.79678 4.79678 4.79678 4.79678 4.79678 4.79678 4.79678
  11.5724 11.5724 11.5724 11.5724 11.5724 11.5724 11.5724 11.5724 11.5724 11.5724 11.5724 11.5724 11.5724 11.5724 11.5724 11.5724
  -1.18649 -1.18649 -1.18649 -1.18649 -1.18649 -1.18649 -1.18649 -1.18649 -1.18649 -1.18649 -1.18649 -1.18649 -1.18649 -1.18649 -1.18649 -1.18649

Gradient_W[78] =
  24.3197 24.3197 24.3197 24.3197 24.3197 24.3197 24.3197 24.3197 24.3197 24.3197 24.3197 24.3197 24.3197 24.3197 24.3197 24.3197
  0.850231 0.850231 0.850231 0.850231 0.850231 0.850231 0.850231 0.850231 0.850231 0.850231 0.850231 0.850231 0.850231 0.850231 0.850231 0.850231
  33.1117 33.1117 33.1117 33.1117 33.1117 33.1117 33.1117 33.1117 33.1117 33.1117 33.1117 33.1117 33.1117 33.1117 33.1117 33.1117

Gradient_W[79] =
  -0.928788 -0.928788 -0.928788 -0.928788 -0.928788 -0.928788 -0.928788 -0.928788 -0.928788 -0.928788 -0.928788 -0.928788 -0.928788 -0.928788 -0.928788 -0.928788
  -14.6246 -14.6246 -14.6246 -14.6246 -14.6246 -14.6246 -14.6246 -14.6246 -14.6246 -14.6246 -14.6246 -14.6246 -14.6246 -14.6246 -14.6246 -14.6246
  41.8904 41.8904 41.8904 41.8904 41.8904 41.8904 41.8904 41.8904 41.8904 41.8904 41.8904 41.8904 41.8904 41.8904 41.8904 41.8904

Gradient_W[80] =
  -4.06442 -4.06442 -4.06442 -4.06442 -4.06442 -4.06442 -4.06442 -4.06442 -4.06442 -4.06442 -4.06442 -4.06442 -4.06442 -4.06442 -4.06442 -4.06442
  -19.1138 -19.1138 -19.1138 -19.1138 -19.1138 -19.1138 -19.1138 -19.1138 -19.1138 -19.1138 -19.1138 -19.1138 -19.1138 -19.1138 -19.1138 -19.1138
  9.06363 9.06363 9.06363 9.06363 9.06363 9.06363 9.06363 9.06363 9.06363 9.06363 9.06363 9.06363 9.06363 9.06363 9.06363 9.06363

Gradient_W[81] =
  -13.1189 -13.1189 -13.1189 -13.1189 -13.1189 -13.1189 -13.1189 -13.1189 -13.1189 -13.1189 -13.1189 -13.1189 -13.1189 -13.1189 -13.1189 -13.1189
  11.5303 11.5303 11.5303 11.5303 11.5303 11.5303 11.5303 11.5303 11.5303 11.5303 11.5303 11.5303 11.5303 11.5303 11.5303 11.5303
  -20.375 -20.375 -20.375 -20.375 -20.375 -20.375 -20.375 -20.375 -20.375 -20.375 -20.375 -20.375 -20.375 -20.375 -20.375 -20.375

Gradient_W[82] =
  4.56578 4.56578 4.56578 4.56578 4.56578 4.56578 4.56578 4.56578 4.56578 4.56578 4.56578 4.56578 4.56578 4.56578 4.56578 4.56578
  15.0542 15.0542 15.0542 15.0542 15.0542 15.0542 15.0542 15.0542 15.0542 15.0542 15.0542 15.0542 15.0542 15.0542 15.0542 15.0542
  28.6733 28.6733 28.6733 28.6733 28.6733 28.6733 28.6733 28.6733 28.6733 28.6733 28.6733 28.6733 28.6733 28.6733 28.6733 28.6733

Gradient_W[83] =
  -3.20163 -3.20163 -3.20163 -3.20163 -3.20163 -3.20163 -3.20163 -3.20163 -3.20163 -3.20163 -3.20163 -3.20163 -3.20163 -3.20163 -3.20163 -3.20163
  -8.08243 -8.08243 -8.08243 -8.08243 -8.08243 -8.08243 -8.08243 -8.08243 -8.08243 -8.08243 -8.08243 -8.08243 -8.08243 -8.08243 -8.08243 -8.08243
  -33.7277 -33.7277 -33.7277 -33.7277 -33.7277 -33.7277 -33.7277 -33.7277 -33.7277 -33.7277 -33.7277 -33.7277 -33.7277 -33.7277 -33.7277 -33.7277

Gradient_W[84] =
  -11.1765 -11.1765 -11.1765 -11.1765 -11.1765 -11.1765 -11.1765 -11.1765 -11.1765 -11.1765 -11.1765 -11.1765 -11.1765 -11.1765 -11.1765 -11.1765
  -9.97556 -9.97556 -9.97556 -9.97556 -9.97556 -9.97556 -9.97556 -9.97556 -9.97556 -9.97556 -9.97556 -9.97556 -9.97556 -9.97556 -9.97556 -9.97556
  7.50764 7.50764 7.50764 7.50764 7.50764 7.50764 7.50764 7.50764 7.50764 7.50764 7.50764 7.50764 7.50764 7.50764 7.50764 7.50764

Gradient_W[85] =
  18.9018 18.9018 18.9018 18.9018 18.9018 18.9018 18.9018 18.9018 18.9018 18.9018 18.9018 18.9018 18.9018 18.9018 18.9018 18.9018
  -8.05971 -8.05971 -8.05971 -8.05971 -8.05971 -8.05971 -8.05971 -8.05971 -8.05971 -8.05971 -8.05971 -8.05971 -8.05971 -8.05971 -8.05971 -8.05971
  16.364 16.364 16.364 16.364 16.364 16.364 16.364 16.364 16.364 16.364 16.364 16.364 16.364 16.364 16.364 16.364

Gradient_W[86] =
  -1.74411 -1.74411 -1.74411 -1.74411 -1.74411 -1.74411 -1.74411 -1.74411 -1.74411 -1.74411 -1.74411 -1.74411 -1.74411 -1.74411 -1.74411 -1.74411
  18.2723 18.2723 18.2723 18.2723 18.2723 18.2723 18.2723 18.2723 18.2723 18.2723 18.2723 18.2723 18.2723 18.2723 18.2723 18.2723
  4.62462 4.62462 4.62462 4.62462 4.62462 4.62462 4.62462 4.62462 4.62462 4.62462 4.62462 4.62462 4.62462 4.62462 4.62462 4.62462

Gradient_W[87] =
  -19.643 -19.643 -19.643 -19.643 -19.643 -19.643 -19.643 -19.643 -19.643 -19.643 -19.643 -19.643 -19.643 -19.643 -19.643 -19.643
  12.6567 12.6567 12.6567 12.6567 12.6567 12.6567 12.6567 12.6567 12.6567 12.6567 12.6567 12.6567 12.6567 12.6567 12.6567 12.6567
  -5.97965 -5.97965 -5.97965 -5.97965 -5.97965 -5.97965 -5.97965 -5.97965 -5.97965 -5.97965 -5.97965 -5.97965 -5.97965 -5.97965 -5.97965 -5.97965

Gradient_W[88] =
  6.01148 6.01148 6.01148 6.01148 6.01148 6.01148 6.01148 6.01148 6.01148 6.01148 6.01148 6.01148 6.01148 6.01148 6.01148 6.01148
  -6.17766 -6.17766 -6.17766 -6.17766 -6.17766 -6.17766 -6.17766 -6.17766 -6.17766 -6.17766 -6.17766 -6.17766 -6.17766 -6.17766 -6.17766 -6.17766
  -13.8632 -13.8632 -13.8632 -13.8632 -13.8632 -13.8632 -13.8632 -13.8632 -13.8632 -13.8632 -13.8632 -13.8632 -13.8632 -13.8632 -13.8632 -13.8632

Gradient_W[89] =
  9.36339 9.36339 9.36339 9.36339 9.36339 9.36339 9.36339 9.36339 9.36339 9.36339 9.36339 9.36339 9.36339 9.36339 9.36339 9.36339
  15.5316 15.5316 15.5316 15.5316 15.5316 15.5316 15.5316 15.5316 15.5316 15.5316 15.5316 15.5316 15.5316 15.5316 15.5316 15.5316
  7.56642 7.56642 7.56642 7.56642 7.56642 7.56642 7.56642 7.56642 7.56642 7.56642 7.56642 7.56642 7.56642 7.56642 7.56642 7.56642

Gradient_W[90] =
  1.18972 1.18972 1.18972 1.18972 1.18972 1.18972 1.18972 1.18972 1.18972 1.18972 1.18972 1.18972 1.18972 1.18972 1.18972 1.18972
  27.8885 27.8885 27.8885 27.8885 27.8885 27.8885 27.8885 27.8885 27.8885 27.8885 27.8885 27.8885 27.8885 27.8885 27.8885 27.8885
  1.90215 1.90215 1.90215 1.90215 1.90215 1.90215 1.90215 1.90215 1.90215 1.90215 1.90215 1.90215 1.90215 1.90215 1.90215 1.90215

Gradient_W[91] =
  -0.0907025 -0.0907025 -0.0907025 -0.0907025 -0.0907025 -0.0907025 -0.0907025 -0.0907025 -0.0907025 -0.0907025 -0.0907025 -0.0907025 -0.0907025 -0.0907025 -0.0907025 -0.0907025
  -8.86838 -8.86838 -8.86838 -8.86838 -8.86838 -8.86838 -8.86838 -8.86838 -8.86838 -8.86838 -8.86838 -8.86838 -8.86838 -8.86838 -8.86838 -8.86838
  23.9043 23.9043 23.9043 23.9043 23.9043 23.9043 23.9043 23.9043 23.9043 23.9043 23.9043 23.9043 23.9043 23.9043 23.9043 23.9043

Gradient_W[92] =
  3.22806 3.22806 3.22806 3.22806 3.22806 3.22806 3.22806 3.22806 3.22806 3.22806 3.22806 3.22806 3.22806 3.22806 3.22806 3.22806
  6.99847 6.99847 6.99847 6.99847 6.99847 6.99847 6.99847 6.99847 6.99847 6.99847 6.99847 6.99847 6.99847 6.99847 6.99847 6.99847
  -15.0285 -15.0285 -15.0285 -15.0285 -15.0285 -15.0285 -15.0285 -15.0285 -15.0285 -15.0285 -15.0285 -15.0285 -15.0285 -15.0285 -15.0285 -15.0285

Gradient_W[93] =
  -17.6108 -17.6108 -17.6108 -17.6108 -17.6108 -17.6108 -17.6108 -17.6108 -17.6108 -17.6108 -17.6108 -17.6108 -17.6108 -17.6108 -17.6108 -17.6108
  9.98345 9.98345 9.98345 9.98345 9.98345 9.98345 9.98345 9.98345 9.98345 9.98345 9.98345 9.98345 9.98345 9.98345 9.98345 9.98345
  7.21316 7.21316 7.21316 7.21316 7.21316 7.21316 7.21316 7.21316 7.21316 7.21316 7.21316 7.21316 7.21316 7.21316 7.21316 7.21316

Gradient_W[94] =
  -24.1723 -24.1723 -24.1723 -24.1723 -24.1723 -24.1723 -24.1723 -24.1723 -24.1723 -24.1723 -24.1723 -24.1723 -24.1723 -24.1723 -24.1723 -24.1723
  2.02437 2.02437 2.02437 2.02437 2.02437 2.02437 2.02437 2.02437 2.02437 2.02437 2.02437 2.02437 2.02437 2.02437 2.02437 2.02437
  -4.29658 -4.29658 -4.29658 -4.29658 -4.29658 -4.29658 -4.29658 -4.29658 -4.29658 -4.29658 -4.29658 -4.29658 -4.29658 -4.29658 -4.29658 -4.29658

Gradient_W[95] =
  18.469 18.469 18.469 18.469 18.469 18.469 18.469 18.469 18.469 18.469 18.469 18.469 18.469 18.469 18.469 18.469
  24.6315 24.6315 24.6315 24.6315 24.6315 24.6315 24.6315 24.6315 24.6315 24.6315 24.6315 24.6315 24.6315 24.6315 24.6315 24.6315
  3.43485 3.43485 3.43485 3.43485 3.43485 3.43485 3.43485 3.43485 3.43485 3.43485 3.43485 3.43485 3.43485 3.43485 3.43485 3.43485

Gradient_W[96] =
  -30.2783 -30.2783 -30.2783 -30.2783 -30.2783 -30.2783 -30.2783 -30.2783 -30.2783 -30.2783 -30.2783 -30.2783 -30.2783 -30.2783 -30.2783 -30.2783
  -5.307 -5.307 -5.307 -5.307 -5.307 -5.307 -5.307 -5.307 -5.307 -5.307 -5.307 -5.307 -5.307 -5.307 -5.307 -5.307
  -51.2847 -51.2847 -51.2847 -51.2847 -51.2847 -51.2847 -51.2847 -51.2847 -51.2847 -51.2847 -51.2847 -51.2847 -51.2847 -51.2847 -51.2847 -51.2847

Gradient_W[97] =
  -0.780584 -0.780584 -0.780584 -0.780584 -0.780584 -0.780584 -0.780584 -0.780584 -0.780584 -0.780584 -0.780584 -0.780584 -0.780584 -0.780584 -0.780584 -0.780584
  1.75025 1.75025 1.75025 1.75025 1.75025 1.75025 1.75025 1.75025 1.75025 1.75025 1.75025 1.75025 1.75025 1.75025 1.75025 1.75025
  32.7926 32.7926 32.7926 32.7926 32.7926 32.7926 32.7926 32.7926 32.7926 32.7926 32.7926 32.7926 32.7926 32.7926 32.7926 32.7926

Gradient_W[98] =
  14.0982 14.0982 14.0982 14.0982 14.0982 14.0982 14.0982 14.0982 14.0982 14.0982 14.0982 14.0982 14.0982 14.0982 14.0982 14.0982
  -33.9581 -33.9581 -33.9581 -33.9581 -33.9581 -33.9581 -33.9581 -33.9581 -33.9581 -33.9581 -33.9581 -33.9581 -33.9581 -33.9581 -33.9581 -33.9581
  -1.58184 -1.58184 -1.58184 -1.58184 -1.58184 -1.58184 -1.58184 -1.58184 -1.58184 -1.58184 -1.58184 -1.58184 -1.58184 -1.58184 -1.58184 -1.58184

Gradient_W[99] =
  -7.95546 -7.95546 -7.95546 -7.95546 -7.95546 -7.95546 -7.95546 -7.95546 -7.95546 -7.95546 -7.95546 -7.95546 -7.95546 -7.95546 -7.95546 -7.95546
  -10.3563 -10.3563 -10.3563 -10.3563 -10.3563 -10.3563 -10.3563 -10.3563 -10.3563 -10.3563 -10.3563 -10.3563 -10.3563 -10.3563 -10.3563 -10.3563
  15.3471 15.3471 15.3471 15.3471 15.3471 15.3471 15.3471 15.3471 15.3471 15.3471 15.3471 15.3471 15.3471 15.3471 15.3471 15.3471

