Gradients
=========

Gradient_a (50 x 3)
Gradient_a[0] = 7.07441 0.215813 5.78597
Gradient_a[1] = 0.772788 -4.8584 -1.38168
Gradient_a[2] = -3.64636 5.79302 3.89593
Gradient_a[3] = 2.73479 3.472 0.28725
Gradient_a[4] = -0.102805 -1.60713 2.76704
Gradient_a[5] = -2.72644 -1.08926 10.4205
Gradient_a[6] = 0.345338 3.35235 -2.35047
Gradient_a[7] = 3.24558 1.49025 -0.0135651
Gradient_a[8] = -1.32317 -6.51895 -0.916558
Gradient_a[9] = 2.18219 -2.94581 1.10317
Gradient_a[10] = -0.209893 -6.01677 -0.201779
Gradient_a[11] = -4.7281 -2.27846 -1.41624
Gradient_a[12] = 4.27969 6.13931 -1.00728
Gradient_a[13] = 5.44583 2.96186 -3.37377
Gradient_a[14] = -3.50928 0.215893 -2.16884
Gradient_a[15] = -6.08987 5.95471 2.03152
Gradient_a[16] = -4.8991 -6.27094 1.93773
Gradient_a[17] = 3.52297 2.16411 1.48443
Gradient_a[18] = -4.00051 2.52246 3.25463
Gradient_a[19] = 4.64896 -6.00781 2.95767
Gradient_a[20] = 1.16663 -3.5076 1.06252
Gradient_a[21] = 0.0876113 -2.20265 0.70542
Gradient_a[22] = 1.12425 3.47695 0.528498
Gradient_a[23] = 2.16189 0.179615 -4.9458
Gradient_a[24] = 0.488768 6.96263 -0.740509
Gradient_a[25] = -2.10794 6.10345 6.01191
Gradient_a[26] = 2.66972 -8.28635 2.30054
Gradient_a[27] = 3.36941 2.87973 -4.37982
Gradient_a[28] = 3.13524 8.39244 4.61757
Gradient_a[29] = -4.3927 -3.88089 -0.0780822
Gradient_a[30] = 3.13754 -0.425199 1.59299
Gradient_a[31] = -2.81214 -3.12445 1.79393
Gradient_a[32] = -1.00817 1.68768 1.16467
Gradient_a[33] = 3.45027 6.80455 -1.70074
Gradient_a[34] = -4.51638 -2.32468 5.99321
Gradient_a[35] = -4.72453 1.88313 1.57281
Gradient_a[36] = 3.49087 0.60956 -0.182665
Gradient_a[37] = 4.61943 9.47236 1.85055
Gradient_a[38] = -0.516138 -4.74714 2.90813
Gradient_a[39] = -0.315872 -0.955165 7.90378
Gradient_a[40] = -0.972796 0.179465 4.36475
Gradient_a[41] = -0.63832 -3.17219 -3.99268
Gradient_a[42] = -5.94802 5.0176 -3.07737
Gradient_a[43] = 1.27969 3.79874 -1.21555
Gradient_a[44] = -2.84673 8.52826 5.05318
Gradient_a[45] = -1.97871 -0.6231 -3.87154
Gradient_a[46] = 7.37823 1.14777 -5.40375
Gradient_a[47] = 2.54411 6.06797 2.42374
Gradient_a[48] = 0.59963 -3.96146 5.67989
Gradient_a[49] = -6.15828 3.37137 6.24087

Gradient_b (16)
Gradient_b = -0.291335 -0.291335 -0.291335 -0.291335 -0.291335 -0.291335 -0.291335 -0.291335 -0.291335 -0.291335 -0.291335 -0.291335 -0.291335 -0.291335 -0.291335 -0.291335

Gradient_W (50 x 3 x 16)
Gradient_W[0] =
  7.08563 7.08563 7.08563 7.08563 7.08563 7.08563 7.08563 7.08563 7.08563 7.08563 7.08563 7.08563 7.08563 7.08563 7.08563 7.08563
  0.242089 0.242089 0.242089 0.242089 0.242089 0.242089 0.242089 0.242089 0.242089 0.242089 0.242089 0.242089 0.242089 0.242089 0.242089 0.242089
  5.80709 5.80709 5.80709 5.80709 5.80709 5.80709 5.80709 5.80709 5.80709 5.80709 5.80709 5.80709 5.80709 5.80709 5.80709 5.80709

Gradient_W[1] =
  0.662293 0.662293 0.662293 0.662293 0.662293 0.662293 0.662293 0.662293 0.662293 0.662293 0.662293 0.662293 0.662293 0.662293 0.662293 0.662293
  -4.93502 -4.93502 -4.93502 -4.93502 -4.93502 -4.93502 -4.93502 -4.93502 -4.93502 -4.93502 -4.93502 -4.93502 -4.93502 -4.93502 -4.93502 -4.93502
  -1.55829 -1.55829 -1.55829 -1.55829 -1.55829 -1.55829 -1.55829 -1.55829 -1.55829 -1.55829 -1.55829 -1.55829 -1.55829 -1.55829 -1.55829 -1.55829

Gradient_W[2] =
  -3.70128 -3.70128 -3.70128 -3.70128 -3.70128 -3.70128 -3.70128 -3.70128 -3.70128 -3.70128 -3.70128 -3.70128 -3.70128 -3.70128 -3.70128 -3.70128
  5.75817 5.75817 5.75817 5.75817 5.75817 5.75817 5.75817 5.75817 5.75817 5.75817 5.75817 5.75817 5.75817 5.75817 5.75817 5.75817
  4.15689 4.15689 4.15689 4.15689 4.15689 4.15689 4.15689 4.15689 4.15689 4.15689 4.15689 4.15689 4.15689 4.15689 4.15689 4.15689

Gradient_W[3] =
  2.72699 2.72699 2.72699 2.72699 2.72699 2.72699 2.72699 2.72699 2.72699 2.72699 2.72699 2.72699 2.72699 2.72699 2.72699 2.72699
  3.43238 3.43238 3.43238 3.43238 3.43238 3.43238 3.43238 3.43238 3.43238 3.43238 3.43238 3.43238 3.43238 3.43238 3.43238 3.43238
  -0.131414 -0.131414 -0.131414 -0.131414 -0.131414 -0.131414 -0.131414 -0.131414 -0.131414 -0.131414 -0.131414 -0.131414 -0.131414 -0.131414 -0.131414 -0.131414

Gradient_W[4] =
  -0.128337 -0.128337 -0.128337 -0.128337 -0.128337 -0.128337 -0.128337 -0.128337 -0.128337 -0.128337 -0.128337 -0.128337 -0.128337 -0.128337 -0.128337 -0.128337
  -1.71414 -1.71414 -1.71414 -1.71414 -1.71414 -1.71414 -1.71414 -1.71414 -1.71414 -1.71414 -1.71414 -1.71414 -1.71414 -1.71414 -1.71414 -1.71414
  2.35726 2.35726 2.35726 2.35726 2.35726 2.35726 2.35726 2.35726 2.35726 2.35726 2.35726 2.35726 2.35726 2.35726 2.35726 2.35726

Gradient_W[5] =
  -2.71376 -2.71376 -2.71376 -2.71376 -2.71376 -2.71376 -2.71376 -2.71376 -2.71376 -2.71376 -2.71376 -2.71376 -2.71376 -2.71376 -2.71376 -2.71376
  -1.12612 -1.12612 -1.12612 -1.12612 -1.12612 -1.12612 -1.12612 -1.12612 -1.12612 -1.12612 -1.12612 -1.12612 -1.12612 -1.12612 -1.12612 -1.12612
  10.6343 10.6343 10.6343 10.6343 10.6343 10.6343 10.6343 10.6343 10.6343 10.6343 10.6343 10.6343 10.6343 10.6343 10.6343 10.6343

Gradient_W[6] =
  0.279587 0.279587 0.279587 0.279587 0.279587 0.279587 0.279587 0.279587 0.279587 0.279587 0.279587 0.279587 0.279587 0.279587 0.279587 0.279587
  3.3523 3.3523 3.3523 3.3523 3.3523 3.3523 3.3523 3.3523 3.3523 3.3523 3.3523 3.3523 3.3523 3.3523 3.3523 3.3523
  -2.50701 -2.50701 -2.50701 -2.50701 -2.50701 -2.50701 -2.50701 -2.50701 -2.50701 -2.50701 -2.50701 -2.50701 -2.50701 -2.50701 -2.50701 -2.50701

Gradient_W[7] =
  3.13324 3.13324 3.13324 3.13324 3.13324 3.13324 3.13324 3.13324 3.13324 3.13324 3.13324 3.13324 3.13324 3.13324 3.13324 3.13324
  1.41378 1.41378 1.41378 1.41378 1.41378 1.41378 1.41378 1.41378 1.41378 1.41378 1.41378 1.41378 1.41378 1.41378 1.41378 1.41378
  -0.532518 -0.532518 -0.532518 -0.532518 -0.532518 -0.532518 -0.532518 -0.532518 -0.532518 -0.532518 -0.532518 -0.532518 -0.532518 -0.532518 -0.532518 -0.532518

Gradient_W[8] =
  -1.44772 -1.44772 -1.44772 -1.44772 -1.44772 -1.44772 -1.44772 -1.44772 -1.44772 -1.44772 -1.44772 -1.44772 -1.44772 -1.44772 -1.44772 -1.44772
  -6.61088 -6.61088 -6.61088 -6.61088 -6.61088 -6.61088 -6.61088 -6.61088 -6.61088 -6.61088 -6.61088 -6.61088 -6.61088 -6.61088 -6.61088 -6.61088
  -1.37005 -1.37005 -1.37005 -1.37005 -1.37005 -1.37005 -1.37005 -1.37005 -1.37005 -1.37005 -1.37005 -1.37005 -1.37005 -1.37005 -1.37005 -1.37005

Gradient_W[9] =
  2.1194 2.1194 2.1194 2.1194 2.1194 2.1194 2.1194 2.1194 2.1194 2.1194 2.1194 2.1194 2.1194 2.1194 2.1194 2.1194
  -3.11127 -3.11127 -3.11127 -3.11127 -3.11127 -3.11127 -3.11127 -3.11127 -3.11127 -3.11127 -3.11127 -3.11127 -3.11127 -3.11127 -3.11127 -3.11127
  1.69365 1.69365 1.69365 1.69365 1.69365 1.69365 1.69365 1.69365 1.69365 1.69365 1.69365 1.69365 1.69365 1.69365 1.69365 1.69365

Gradient_W[10] =
  -0.213802 -0.213802 -0.213802 -0.213802 -0.213802 -0.213802 -0.213802 -0.213802 -0.213802 -0.213802 -0.213802 -0.213802 -0.213802 -0.213802 -0.213802 -0.213802
  -6.11605 -6.11605 -6.11605 -6.11605 -6.11605 -6.11605 -6.11605 -6.11605 -6.11605 -6.11605 -6.11605 -6.11605 -6.11605 -6.11605 -6.11605 -6.11605
  -0.369325 -0.369325 -0.369325 -0.369325 -0.369325 -0.369325 -0.369325 -0.369325 -0.369325 -0.369325 -0.369325 -0.369325 -0.369325 -0.369325 -0.369325 -0.369325

Gradient_W[11] =
  -4.80146 -4.80146 -4.80146 -4.80146 -4.80146 -4.80146 -4.80146 -4.80146 -4.80146 -4.80146 -4.80146 -4.80146 -4.80146 -4.80146 -4.80146 -4.80146
  -2.21269 -2.21269 -2.21269 -2.21269 -2.21269 -2.21269 -2.21269 -2.21269 -2.21269 -2.21269 -2.21269 -2.21269 -2.21269 -2.21269 -2.21269 -2.21269
  -2.00813 -2.00813 -2.00813 -2.00813 -2.00813 -2.00813 -2.00813 -2.00813 -2.00813 -2.00813 -2.00813 -2.00813 -2.00813 -2.00813 -2.00813 -2.00813

Gradient_W[12] =
  4.27444 4.27444 4.27444 4.27444 4.27444 4.27444 4.27444 4.27444 4.27444 4.27444 4.27444 4.27444 4.27444 4.27444 4.27444 4.27444
  6.16642 6.16642 6.16642 6.16642 6.16642 6.16642 6.16642 6.16642 6.16642 6.16642 6.16642 6.16642 6.16642 6.16642 6.16642 6.16642
  -1.05271 -1.05271 -1.05271 -1.05271 -1.05271 -1.05271 -1.05271 -1.05271 -1.05271 -1.05271 -1.05271 -1.05271 -1.05271 -1.05271 -1.05271 -1.05271

Gradient_W[13] =
  5.34709 5.34709 5.34709 5.34709 5.34709 5.34709 5.34709 5.34709 5.34709 5.34709 5.34709 5.34709 5.34709 5.34709 5.34709 5.34709
  2.8114 2.8114 2.8114 2.8114 2.8114 2.8114 2.8114 2.8114 2.8114 2.8114 2.8114 2.8114 2.8114 2.8114 2.8114 2.8114
  -3.90267 -3.90267 -3.90267 -3.90267 -3.90267 -3.90267 -3.90267 -3.90267 -3.90267 -3.90267 -3.90267 -3.90267 -3.90267 -3.90267 -3.90267 -3.90267

Gradient_W[14] =
  -3.58076 -3.58076 -3.58076 -3.58076 -3.58076 -3.58076 -3.58076 -3.58076 -3.58076 -3.58076 -3.58076 -3.58076 -3.58076 -3.58076 -3.58076 -3.58076
  0.0582845 0.0582845 0.0582845 0.0582845 0.0582845 0.0582845 0.0582845 0.0582845 0.0582845 0.0582845 0.0582845 0.0582845 0.0582845 0.0582845 0.0582845 0.0582845
  -2.85201 -2.85201 -2.85201 -2.85201 -2.85201 -2.85201 -2.85201 -2.85201 -2.85201 -2.85201 -2.85201 -2.85201 -2.85201 -2.85201 -2.85201 -2.85201

Gradient_W[15] =
  -6.18068 -6.18068 -6.18068 -6.18068 -6.18068 -6.18068 -6.18068 -6.18068 -6.18068 -6.18068 -6.18068 -6.18068 -6.18068 -6.18068 -6.18068 -6.18068
  5.91162 5.91162 5.91162 5.91162 5.91162 5.91162 5.91162 5.91162 5.91162 5.91162 5.91162 5.91162 5.91162 5.91162 5.91162 5.91162
  2.44581 2.44581 2.44581 2.44581 2.44581 2.44581 2.44581 2.44581 2.44581 2.44581 2.44581 2.44581 2.44581 2.44581 2.44581 2.44581

Gradient_W[16] =
  -5.00281 -5.00281 -5.00281 -5.00281 -5.00281 -5.00281 -5.00281 -5.00281 -5.00281 -5.00281 -5.00281 -5.00281 -5.00281 -5.00281 -5.00281 -5.00281
  -6.37053 -6.37053 -6.37053 -6.37053 -6.37053 -6.37053 -6.37053 -6.37053 -6.37053 -6.37053 -6.37053 -6.37053 -6.37053 -6.37053 -6.37053 -6.37053
  1.83321 1.83321 1.83321 1.83321 1.83321 1.83321 1.83321 1.83321 1.83321 1.83321 1.83321 1.83321 1.83321 1.83321 1.83321 1.83321

Gradient_W[17] =
  3.39545 3.39545 3.39545 3.39545 3.39545 3.39545 3.39545 3.39545 3.39545 3.39545 3.39545 3.39545 3.39545 3.39545 3.39545 3.39545
  2.13237 2.13237 2.13237 2.13237 2.13237 2.13237 2.13237 2.13237 2.13237 2.13237 2.13237 2.13237 2.13237 2.13237 2.13237 2.13237
  1.6719 1.6719 1.6719 1.6719 1.6719 1.6719 1.6719 1.6719 1.6719 1.6719 1.6719 1.6719 1.6719 1.6719 1.6719 1.6719

Gradient_W[18] =
  -4.14188 -4.14188 -4.14188 -4.14188 -4.14188 -4.14188 -4.14188 -4.14188 -4.14188 -4.14188 -4.14188 -4.14188 -4.14188 -4.14188 -4.14188 -4.14188
  2.49314 2.49314 2.49314 2.49314 2.49314 2.49314 2.49314 2.49314 2.49314 2.49314 2.49314 2.49314 2.49314 2.49314 2.49314 2.49314
  3.52466 3.52466 3.52466 3.52466 3.52466 3.52466 3.52466 3.52466 3.52466 3.52466 3.52466 3.52466 3.52466 3.52466 3.52466 3.52466

Gradient_W[19] =
  4.69248 4.69248 4.69248 4.69248 4.69248 4.69248 4.69248 4.69248 4.69248 4.69248 4.69248 4.69248 4.69248 4.69248 4.69248 4.69248
  -6.01426 -6.01426 -6.01426 -6.01426 -6.01426 -6.01426 -6.01426 -6.01426 -6.01426 -6.01426 -6.01426 -6.01426 -6.01426 -6.01426 -6.01426 -6.01426
  3.15985 3.15985 3.15985 3.15985 3.15985 3.15985 3.15985 3.15985 3.15985 3.15985 3.15985 3.15985 3.15985 3.15985 3.15985 3.15985

Gradient_W[20] =
  1.13128 1.13128 1.13128 1.13128 1.13128 1.13128 1.13128 1.13128 1.13128 1.13128 1.13128 1.13128 1.13128 1.13128 1.13128 1.13128
  -3.53815 -3.53815 -3.53815 -3.53815 -3.53815 -3.53815 -3.53815 -3.53815 -3.53815 -3.53815 -3.53815 -3.53815 -3.53815 -3.53815 -3.53815 -3.53815
  0.745484 0.745484 0.745484 0.745484 0.745484 0.745484 0.745484 0.745484 0.745484 0.745484 0.745484 0.745484 0.745484 0.745484 0.745484 0.745484

Gradient_W[21] =
  0.00826302 0.00826302 0.00826302 0.00826302 0.00826302 0.00826302 0.00826302 0.00826302 0.00826302 0.00826302 0.00826302 0.00826302 0.00826302 0.00826302 0.00826302 0.00826302
  -2.24996 -2.24996 -2.24996 -2.24996 -2.24996 -2.24996 -2.24996 -2.24996 -2.24996 -2.24996 -2.24996 -2.24996 -2.24996 -2.24996 -2.24996 -2.24996
  0.568305 0.568305 0.568305 0.568305 0.568305 0.568305 0.568305 0.568305 0.568305 0.568305 0.568305 0.568305 0.568305 0.568305 0.568305 0.568305

Gradient_W[22] =
  1.03422 1.03422 1.03422 1.03422 1.03422 1.03422 1.03422 1.03422 1.03422 1.03422 1.03422 1.03422 1.03422 1.03422 1.03422 1.03422
  3.4452 3.4452 3.4452 3.4452 3.4452 3.4452 3.4452 3.4452 3.4452 3.4452 3.4452 3.4452 3.4452 3.4452 3.4452 3.4452
  0.704265 0.704265 0.704265 0.704265 0.704265 0.704265 0.704265 0.704265 0.704265 0.704265 0.704265 0.704265 0.704265 0.704265 0.704265 0.704265

Gradient_W[23] =
  2.05036 2.05036 2.05036 2.05036 2.05036 2.05036 2.05036 2.05036 2.05036 2.05036 2.05036 2.05036 2.05036 2.05036 2.05036 2.05036
  0.0668175 0.0668175 0.0668175 0.0668175 0.0668175 0.0668175 0.0668175 0.0668175 0.0668175 0.0668175 0.0668175 0.0668175 0.0668175 0.0668175 0.0668175 0.0668175
  -5.46652 -5.46652 -5.46652 -5.46652 -5.46652 -5.46652 -5.46652 -5.46652 -5.46652 -5.46652 -5.46652 -5.46652 -5.46652 -5.46652 -5.46652 -5.46652

Gradient_W[24] =
  0.604475 0.604475 0.604475 0.604475 0.604475 0.604475 0.604475 0.604475 0.604475 0.604475 0.604475 0.604475 0.604475 0.604475 0.604475 0.604475
  6.92681 6.92681 6.92681 6.92681 6.92681 6.92681 6.92681 6.92681 6.92681 6.92681 6.92681 6.92681 6.92681 6.92681 6.92681 6.92681
  -1.04198 -1.04198 -1.04198 -1.04198 -1.04198 -1.04198 -1.04198 -1.04198 -1.04198 -1.04198 -1.04198 -1.04198 -1.04198 -1.04198 -1.04198 -1.04198

Gradient_W[25] =
  -2.17184 -2.17184 -2.17184 -2.17184 -2.17184 -2.17184 -2.17184 -2.17184 -2.17184 -2.17184 -2.17184 -2.17184 -2.17184 -2.17184 -2.17184 -2.17184
  6.01565 6.01565 6.01565 6.01565 6.01565 6.01565 6.01565 6.01565 6.01565 6.01565 6.01565 6.01565 6.01565 6.01565 6.01565 6.01565
  6.09969 6.09969 6.09969 6.09969 6.09969 6.09969 6.09969 6.09969 6.09969 6.09969 6.09969 6.09969 6.09969 6.09969 6.09969 6.09969

Gradient_W[26] =
  2.65132 2.65132 2.65132 2.65132 2.65132 2.65132 2.65132 2.65132 2.65132 2.65132 2.65132 2.65132 2.65132 2.65132 2.65132 2.65132
  -8.36276 -8.36276 -8.36276 -8.36276 -8.36276 -8.36276 -8.36276 -8.36276 -8.36276 -8.36276 -8.36276 -8.36276 -8.36276 -8.36276 -8.36276 -8.36276
  2.37933 2.37933 2.37933 2.37933 2.37933 2.37933 2.37933 2.37933 2.37933 2.37933 2.37933 2.37933 2.37933 2.37933 2.37933 2.37933

Gradient_W[27] =
  3.46352 3.46352 3.46352 3.46352 3.46352 3.46352 3.46352 3.46352 3.46352 3.46352 3.46352 3.46352 3.46352 3.46352 3.46352 3.46352
  2.84501 2.84501 2.84501 2.84501 2.84501 2.84501 2.84501 2.84501 2.84501 2.84501 2.84501 2.84501 2.84501 2.84501 2.84501 2.84501
  -4.62683 -4.62683 -4.62683 -4.62683 -4.62683 -4.62683 -4.62683 -4.62683 -4.62683 -4.62683 -4.62683 -4.62683 -4.62683 -4.62683 -4.62683 -4.62683

Gradient_W[28] =
  3.23205 3.23205 3.23205 3.23205 3.23205 3.23205 3.23205 3.23205 3.23205 3.23205 3.23205 3.23205 3.23205 3.23205 3.23205 3.23205
  8.35811 8.35811 8.35811 8.35811 8.35811 8.35811 8.35811 8.35811 8.35811 8.35811 8.35811 8.35811 8.35811 8.35811 8.35811 8.35811
  4.56427 4.56427 4.56427 4.56427 4.56427 4.56427 4.56427 4.56427 4.56427 4.56427 4.56427 4.56427 4.56427 4.56427 4.56427 4.56427

Gradient_W[29] =
  -4.402 -4.402 -4.402 -4.402 -4.402 -4.402 -4.402 -4.402 -4.402 -4.402 -4.402 -4.402 -4.402 -4.402 -4.402 -4.402
  -4.00724 -4.00724 -4.00724 -4.00724 -4.00724 -4.00724 -4.00724 -4.00724 -4.00724 -4.00724 -4.00724 -4.00724 -4.00724 -4.00724 -4.00724 -4.00724
  -0.205341 -0.205341 -0.205341 -0.205341 -0.205341 -0.205341 -0.205341 -0.205341 -0.205341 -0.205341 -0.205341 -0.205341 -0.205341 -0.205341 -0.205341 -0.205341

Gradient_W[30] =
  3.12953 3.12953 3.12953 3.12953 3.12953 3.12953 3.12953 3.12953 3.12953 3.12953 3.12953 3.12953 3.12953 3.12953 3.12953 3.12953
  -0.489051 -0.489051 -0.489051 -0.489051 -0.489051 -0.489051 -0.489051 -0.489051 -0.489051 -0.489051 -0.489051 -0.489051 -0.489051 -0.489051 -0.489051 -0.489051
  1.41552 1.41552 1.41552 1.41552 1.41552 1.41552 1.41552 1.41552 1.41552 1.41552 1.41552 1.41552 1.41552 1.41552 1.41552 1.41552

Gradient_W[31] =
  -2.86249 -2.86249 -2.86249 -2.86249 -2.86249 -2.86249 -2.86249 -2.86249 -2.86249 -2.86249 -2.86249 -2.86249 -2.86249 -2.86249 -2.86249 -2.86249
  -3.22659 -3.22659 -3.22659 -3.22659 -3.22659 -3.22659 -3.22659 -3.22659 -3.22659 -3.22659 -3.22659 -3.22659 -3.22659 -3.22659 -3.22659 -3.22659
  1.36075 1.36075 1.36075 1.36075 1.36075 1.36075 1.36075 1.36075 1.36075 1.36075 1.36075 1.36075 1.36075 1.36075 1.36075 1.36075

Gradient_W[32] =
  -0.975504 -0.975504 -0.975504 -0.975504 -0.975504 -0.975504 -0.975504 -0.975504 -0.975504 -0.975504 -0.975504 -0.975504 -0.975504 -0.975504 -0.975504 -0.975504
  1.65715 1.65715 1.65715 1.65715 1.65715 1.65715 1.65715 1.65715 1.65715 1.65715 1.65715 1.65715 1.65715 1.65715 1.65715 1.65715
  1.46832 1.46832 1.46832 1.46832 1.46832 1.46832 1.46832 1.46832 1.46832 1.46832 1.46832 1.46832 1.46832 1.46832 1.46832 1.46832

Gradient_W[33] =
  3.42821 3.42821 3.42821 3.42821 3.42821 3.42821 3.42821 3.42821 3.42821 3.42821 3.42821 3.42821 3.42821 3.42821 3.42821 3.42821
  6.73432 6.73432 6.73432 6.73432 6.73432 6.73432 6.73432 6.73432 6.73432 6.73432 6.73432 6.73432 6.73432 6.73432 6.73432 6.73432
  -1.99694 -1.99694 -1.99694 -1.99694 -1.99694 -1.99694 -1.99694 -1.99694 -1.99694 -1.99694 -1.99694 -1.99694 -1.99694 -1.99694 -1.99694 -1.99694

Gradient_W[34] =
  -4.53745 -4.53745 -4.53745 -4.53745 -4.53745 -4.53745 -4.53745 -4.53745 -4.53745 -4.53745 -4.53745 -4.53745 -4.53745 -4.53745 -4.53745 -4.53745
  -2.37844 -2.37844 -2.37844 -2.37844 -2.37844 -2.37844 -2.37844 -2.37844 -2.37844 -2.37844 -2.37844 -2.37844 -2.37844 -2.37844 -2.37844 -2.37844
  6.40709 6.40709 6.40709 6.40709 6.40709 6.40709 6.40709 6.40709 6.40709 6.40709 6.40709 6.40709 6.40709 6.40709 6.40709 6.40709

Gradient_W[35] =
  -4.79071 -4.79071 -4.79071 -4.79071 -4.79071 -4.79071 -4.79071 -4.79071 -4.79071 -4.79071 -4.79071 -4.79071 -4.79071 -4.79071 -4.79071 -4.79071
  1.78476 1.78476 1.78476 1.78476 1.78476 1.78476 1.78476 1.78476 1.78476 1.78476 1.78476 1.78476 1.78476 1.78476 1.78476 1.78476
  1.96651 1.96651 1.96651 1.96651 1.96651 1.96651 1.96651 1.96651 1.96651 1.96651 1.96651 1.96651 1.96651 1.96651 1.96651 1.96651

Gradient_W[36] =
  3.4571 3.4571 3.4571 3.4571 3.4571 3.4571 3.4571 3.4571 3.4571 3.4571 3.4571 3.4571 3.4571 3.4571 3.4571 3.4571
  0.485 0.485 0.485 0.485 0.485 0.485 0.485 0.485 0.485 0.485 0.485 0.485 0.485 0.485 0.485 0.485
  -0.35282 -0.35282 -0.35282 -0.35282 -0.35282 -0.35282 -0.35282 -0.35282 -0.35282 -0.35282 -0.35282 -0.35282 -0.35282 -0.35282 -0.35282 -0.35282

Gradient_W[37] =
  4.51807 4.51807 4.51807 4.51807 4.51807 4.51807 4.51807 4.51807 4.51807 4.51807 4.51807 4.51807 4.51807 4.51807 4.51807 4.51807
  9.27686 9.27686 9.27686 9.27686 9.27686 9.27686 9.27686 9.27686 9.27686 9.27686 9.27686 9.27686 9.27686 9.27686 9.27686 9.27686
  2.14187 2.14187 2.14187 2.14187 2.14187 2.14187 2.14187 2.14187 2.14187 2.14187 2.14187 2.14187 2.14187 2.14187 2.14187 2.14187

Gradient_W[38] =
  -0.725769 -0.725769 -0.725769 -0.725769 -0.725769 -0.725769 -0.725769 -0.725769 -0.725769 -0.725769 -0.725769 -0.725769 -0.725769 -0.725769 -0.725769 -0.725769
  -4.80325 -4.80325 -4.80325 -4.80325 -4.80325 -4.80325 -4.80325 -4.80325 -4.80325 -4.80325 -4.80325 -4.80325 -4.80325 -4.80325 -4.80325 -4.80325
  2.00743 2.00743 2.00743 2.00743 2.00743 2.00743 2.00743 2.00743 2.00743 2.00743 2.00743 2.00743 2.00743 2.00743 2.00743 2.00743

Gradient_W[39] =
  -0.39722 -0.39722 -0.39722 -0.39722 -0.39722 -0.39722 -0.39722 -0.39722 -0.39722 -0.39722 -0.39722 -0.39722 -0.39722 -0.39722 -0.39722 -0.39722
  -1.00901 -1.00901 -1.00901 -1.00901 -1.00901 -1.00901 -1.00901 -1.00901 -1.00901 -1.00901 -1.00901 -1.00901 -1.00901 -1.00901 -1.00901 -1.00901
  8.31262 8.31262 8.31262 8.31262 8.31262 8.31262 8.31262 8.31262 8.31262 8.31262 8.31262 8.31262 8.31262 8.31262 8.31262 8.31262

Gradient_W[40] =
  -1.05726 -1.05726 -1.05726 -1.05726 -1.05726 -1.05726 -1.05726 -1.05726 -1.05726 -1.05726 -1.05726 -1.05726 -1.05726 -1.05726 -1.05726 -1.05726
  0.173104 0.173104 0.173104 0.173104 0.173104 0.173104 0.173104 0.173104 0.173104 0.173104 0.173104 0.173104 0.173104 0.173104 0.173104 0.173104
  4.19501 4.19501 4.19501 4.19501 4.19501 4.19501 4.19501 4.19501 4.19501 4.19501 4.19501 4.19501 4.19501 4.19501 4.19501 4.19501

Gradient_W[41] =
  -0.685693 -0.685693 -0.685693 -0.685693 -0.685693 -0.685693 -0.685693 -0.685693 -0.685693 -0.685693 -0.685693 -0.685693 -0.685693 -0.685693 -0.685693 -0.685693
  -3.2894 -3.2894 -3.2894 -3.2894 -3.2894 -3.2894 -3.2894 -3.2894 -3.2894 -3.2894 -3.2894 -3.2894 -3.2894 -3.2894 -3.2894 -3.2894
  -4.21645 -4.21645 -4.21645 -4.21645 -4.21645 -4.21645 -4.21645 -4.21645 -4.21645 -4.21645 -4.21645 -4.21645 -4.21645 -4.21645 -4.21645 -4.21645

Gradient_W[42] =
  -6.00771 -6.00771 -6.00771 -6.00771 -6.00771 -6.00771 -6.00771 -6.00771 -6.00771 -6.00771 -6.00771 -6.00771 -6.00771 -6.00771 -6.00771 -6.00771
  5.0097 5.0097 5.0097 5.0097 5.0097 5.0097 5.0097 5.0097 5.0097 5.0097 5.0097 5.0097 5.0097 5.0097 5.0097 5.0097
  -3.65466 -3.65466 -3.65466 -3.65466 -3.65466 -3.65466 -3.65466 -3.65466 -3.65466 -3.65466 -3.65466 -3.65466 -3.65466 -3.65466 -3.65466 -3.65466

Gradient_W[43] =
  1.14325 1.14325 1.14325 1.14325 1.14325 1.14325 1.14325 1.14325 1.14325 1.14325 1.14325 1.14325 1.14325 1.14325 1.14325 1.14325
  3.83491 3.83491 3.83491 3.83491 3.83491 3.83491 3.83491 3.83491 3.83491 3.83491 3.83491 3.83491 3.83491 3.83491 3.83491 3.83491
  -2.10382 -2.10382 -2.10382 -2.10382 -2.10382 -2.10382 -2.10382 -2.10382 -2.10382 -2.10382 -2.10382 -2.10382 -2.10382 -2.10382 -2.10382 -2.10382

Gradient_W[44] =
  -2.83487 -2.83487 -2.83487 -2.83487 -2.83487 -2.83487 -2.83487 -2.83487 -2.83487 -2.83487 -2.83487 -2.83487 -2.83487 -2.83487 -2.83487 -2.83487
  8.32487 8.32487 8.32487 8.32487 8.32487 8.32487 8.32487 8.32487 8.32487 8.32487 8.32487 8.32487 8.32487 8.32487 8.32487 8.32487
  4.98641 4.98641 4.98641 4.98641 4.98641 4.98641 4.98641 4.98641 4.98641 4.98641 4.98641 4.98641 4.98641 4.98641 4.98641 4.98641

Gradient_W[45] =
  -2.05394 -2.05394 -2.05394 -2.05394 -2.05394 -2.05394 -2.05394 -2.05394 -2.05394 -2.05394 -2.05394 -2.05394 -2.05394 -2.05394 -2.05394 -2.05394
  -0.730534 -0.730534 -0.730534 -0.730534 -0.730534 -0.730534 -0.730534 -0.730534 -0.730534 -0.730534 -0.730534 -0.730534 -0.730534 -0.730534 -0.730534 -0.730534
  -4.2833 -4.2833 -4.2833 -4.2833 -4.2833 -4.2833 -4.2833 -4.2833 -4.2833 -4.2833 -4.2833 -4.2833 -4.2833 -4.2833 -4.2833 -4.2833

Gradient_W[46] =
  7.39996 7.39996 7.39996 7.39996 7.39996 7.39996 7.39996 7.39996 7.39996 7.39996 7.39996 7.39996 7.39996 7.39996 7.39996 7.39996
  1.11599 1.11599 1.11599 1.11599 1.11599 1.11599 1.11599 1.11599 1.11599 1.11599 1.11599 1.11599 1.11599 1.11599 1.11599 1.11599
  -5.81464 -5.81464 -5.81464 -5.81464 -5.81464 -5.81464 -5.81464 -5.81464 -5.81464 -5.81464 -5.81464 -5.81464 -5.81464 -5.81464 -5.81464 -5.81464

Gradient_W[47] =
  2.52259 2.52259 2.52259 2.52259 2.52259 2.52259 2.52259 2.52259 2.52259 2.52259 2.52259 2.52259 2.52259 2.52259 2.52259 2.52259
  6.04295 6.04295 6.04295 6.04295 6.04295 6.04295 6.04295 6.04295 6.04295 6.04295 6.04295 6.04295 6.04295 6.04295 6.04295 6.04295
  2.24431 2.24431 2.24431 2.24431 2.24431 2.24431 2.24431 2.24431 2.24431 2.24431 2.24431 2.24431 2.24431 2.24431 2.24431 2.24431

Gradient_W[48] =
  0.608581 0.608581 0.608581 0.608581 0.608581 0.608581 0.608581 0.608581 0.608581 0.608581 0.608581 0.608581 0.608581 0.608581 0.608581 0.608581
  -3.99685 -3.99685 -3.99685 -3.99685 -3.99685 -3.99685 -3.99685 -3.99685 -3.99685 -3.99685 -3.99685 -3.99685 -3.99685 -3.99685 -3.99685 -3.99685
  5.81907 5.81907 5.81907 5.81907 5.81907 5.81907 5.81907 5.81907 5.81907 5.81907 5.81907 5.81907 5.81907 5.81907 5.81907 5.81907

Gradient_W[49] =
  -6.15142 -6.15142 -6.15142 -6.15142 -6.15142 -6.15142 -6.15142 -6.15142 -6.15142 -6.15142 -6.15142 -6.15142 -6.15142 -6.15142 -6.15142 -6.15142
  3.18545 3.18545 3.18545 3.18545 3.18545 3.18545 3.18545 3.18545 3.18545 3.18545 3.18545 3.18545 3.18545 3.18545 3.18545 3.18545
  6.40886 6.40886 6.40886 6.40886 6.40886 6.40886 6.40886 6.40886 6.40886 6.40886 6.40886 6.40886 6.40886 6.40886 6.40886 6.40886

