Gradients
=========

Gradient_a (10 x 3)
Gradient_a[0] = 0.13114 0.0898318 -0.281369
Gradient_a[1] = -0.0555504 -0.0562584 -0.0295101
Gradient_a[2] = -0.00798394 0.0371041 -0.17304
Gradient_a[3] = 0.010689 0.105636 -0.00648244
Gradient_a[4] = 0.108449 -0.0128447 -0.0123777
Gradient_a[5] = -0.118549 0.0475321 0.0663283
Gradient_a[6] = -0.00726603 0.0553399 0.0071749
Gradient_a[7] = 0.105988 0.0599595 -0.261905
Gradient_a[8] = -0.155534 -0.0139994 -0.0349277
Gradient_a[9] = 0.135323 -0.100632 0.38748

Gradient_b (8)
Gradient_b = -0.0163182 -0.0163182 -0.0163182 -0.0163182 -0.0163182 -0.0163182 -0.0163182 -0.0163182

Gradient_W (10 x 3 x 8)
Gradient_W[0] =
  0.117307 0.117307 0.117307 0.117307 0.117307 0.117307 0.117307 0.117307
  0.0920922 0.0920922 0.0920922 0.0920922 0.0920922 0.0920922 0.0920922 0.0920922
  -0.248808 -0.248808 -0.248808 -0.248808 -0.248808 -0.248808 -0.248808 -0.248808

Gradient_W[1] =
  -0.052959 -0.052959 -0.052959 -0.052959 -0.052959 -0.052959 -0.052959 -0.052959
  -0.058 -0.058 -0.058 -0.058 -0.058 -0.058 -0.058 -0.058
  -0.0301032 -0.0301032 -0.0301032 -0.0301032 -0.0301032 -0.0301032 -0.0301032 -0.0301032

Gradient_W[2] =
  0.00218732 0.00218732 0.00218732 0.00218732 0.00218732 0.00218732 0.00218732 0.00218732
  0.0291785 0.0291785 0.0291785 0.0291785 0.0291785 0.0291785 0.0291785 0.0291785
  -0.155585 -0.155585 -0.155585 -0.155585 -0.155585 -0.155585 -0.155585 -0.155585

Gradient_W[3] =
  0.00215513 0.00215513 0.00215513 0.00215513 0.00215513 0.00215513 0.00215513 0.00215513
  0.0986653 0.0986653 0.0986653 0.0986653 0.0986653 0.0986653 0.0986653 0.0986653
  -0.00286166 -0.00286166 -0.00286166 -0.00286166 -0.00286166 -0.00286166 -0.00286166 -0.00286166

Gradient_W[4] =
  0.0957132 0.0957132 0.0957132 0.0957132 0.0957132 0.0957132 0.0957132 0.0957132
  -0.0206798 -0.0206798 -0.0206798 -0.0206798 -0.0206798 -0.0206798 -0.0206798 -0.0206798
  -0.00919749 -0.00919749 -0.00919749 -0.00919749 -0.00919749 -0.00919749 -0.00919749 -0.00919749

Gradient_W[5] =
  -0.108788 -0.108788 -0.108788 -0.108788 -0.108788 -0.108788 -0.108788 -0.108788
  0.0420123 0.0420123 0.0420123 0.0420123 0.0420123 0.0420123 0.0420123 0.0420123
  0.0625757 0.0625757 0.0625757 0.0625757 0.0625757 0.0625757 0.0625757 0.0625757

Gradient_W[6] =
  -0.000815348 -0.000815348 -0.000815348 -0.000815348 -0.000815348 -0.000815348 -0.000815348 -0.000815348
  0.0538722 0.0538722 0.0538722 0.0538722 0.0538722 0.0538722 0.0538722 0.0538722
  0.00170373 0.00170373 0.00170373 0.00170373 0.00170373 0.00170373 0.00170373 0.00170373

Gradient_W[7] =
  0.102554 0.102554 0.102554 0.102554 0.102554 0.102554 0.102554 0.102554
  0.0531875 0.0531875 0.0531875 0.0531875 0.0531875 0.0531875 0.0531875 0.0531875
  -0.233189 -0.233189 -0.233189 -0.233189 -0.233189 -0.233189 -0.233189 -0.233189

Gradient_W[8] =
  -0.147762 -0.147762 -0.147762 -0.147762 -0.147762 -0.147762 -0.147762 -0.147762
  -0.0154973 -0.0154973 -0.0154973 -0.0154973 -0.0154973 -0.0154973 -0.0154973 -0.0154973
  -0.0316472 -0.0316472 -0.0316472 -0.0316472 -0.0316472 -0.0316472 -0.0316472 -0.0316472

Gradient_W[9] =
  0.124131 0.124131 0.124131 0.124131 0.124131 0.124131 0.124131 0.124131
  -0.0955235 -0.0955235 -0.0955235 -0.0955235 -0.0955235 -0.0955235 -0.0955235 -0.0955235
  0.344206 0.344206 0.344206 0.344206 0.344206 0.344206 0.344206 0.344206

