Gradients
=========

Gradient_a (10 x 3)
Gradient_a[0] = 0.0119602 0.0395201 -0.197396
Gradient_a[1] = -0.0394047 -0.104613 0.0393315
Gradient_a[2] = -0.0228185 -0.0516193 0.153747
Gradient_a[3] = -0.0517003 -0.0400991 -0.0129831
Gradient_a[4] = 0.0165681 0.142931 0.0429806
Gradient_a[5] = 0.0372512 0.0194879 0.0953483
Gradient_a[6] = -0.0323522 0.00655767 0.0358884
Gradient_a[7] = -0.0248806 0.0210018 0.067303
Gradient_a[8] = -0.0136317 0.067475 -0.0469936
Gradient_a[9] = -0.0122506 0.0278517 0.0347554

Gradient_b (4)
Gradient_b = -0.00578451 -0.00578451 -0.00578451 -0.00578451

Gradient_W (10 x 3 x 4)
Gradient_W[0] =
  0.00951816 0.00951816 0.00951816 0.00951816
  0.040756 0.040756 0.040756 0.040756
  -0.191946 -0.191946 -0.191946 -0.191946

Gradient_W[1] =
  -0.0375681 -0.0375681 -0.0375681 -0.0375681
  -0.103574 -0.103574 -0.103574 -0.103574
  0.0387284 0.0387284 0.0387284 0.0387284

Gradient_W[2] =
  -0.0230905 -0.0230905 -0.0230905 -0.0230905
  -0.0532795 -0.0532795 -0.0532795 -0.0532795
  0.148677 0.148677 0.148677 0.148677

Gradient_W[3] =
  -0.0540867 -0.0540867 -0.0540867 -0.0540867
  -0.0372257 -0.0372257 -0.0372257 -0.0372257
  -0.0129843 -0.0129843 -0.0129843 -0.0129843

Gradient_W[4] =
  0.0167075 0.0167075 0.0167075 0.0167075
  0.14138 0.14138 0.14138 0.14138
  0.0418069 0.0418069 0.0418069 0.0418069

Gradient_W[5] =
  0.0377804 0.0377804 0.0377804 0.0377804
  0.0217688 0.0217688 0.0217688 0.0217688
  0.0925199 0.0925199 0.0925199 0.0925199

Gradient_W[6] =
  -0.0360665 -0.0360665 -0.0360665 -0.0360665
  0.00466812 0.00466812 0.00466812 0.00466812
  0.0348009 0.0348009 0.0348009 0.0348009

Gradient_W[7] =
  -0.0220875 -0.0220875 -0.0220875 -0.0220875
  0.0173019 0.0173019 0.0173019 0.0173019
  0.0675275 0.0675275 0.0675275 0.0675275

Gradient_W[8] =
  -0.00910388 -0.00910388 -0.00910388 -0.00910388
  0.064419 0.064419 0.064419 0.064419
  -0.0451552 -0.0451552 -0.0451552 -0.0451552

Gradient_W[9] =
  -0.00759723 -0.00759723 -0.00759723 -0.00759723
  0.0280513 0.0280513 0.0280513 0.0280513
  0.0334215 0.0334215 0.0334215 0.0334215

