Gradients
=========

Gradient_a (10 x 3)
Gradient_a[0] = -0.0113649 0.0802704 -0.0206903
Gradient_a[1] = -0.0408305 -0.00382097 -0.0673138
Gradient_a[2] = 0.0122727 -0.0333708 -0.0690983
Gradient_a[3] = 0.0269341 -0.0129202 0.118345
Gradient_a[4] = 0.0587314 -0.0624852 -0.0504128
Gradient_a[5] = 0.00212035 0.00401998 -0.00149719
Gradient_a[6] = 0.0796898 0.0226221 -0.146191
Gradient_a[7] = -0.00651609 -0.0443021 0.00210234
Gradient_a[8] = 0.00368743 0.0103161 -0.0657719
Gradient_a[9] = -0.0371162 -0.0160544 -0.170099

Gradient_b (8)
Gradient_b = -0.00561708 -0.00561708 -0.00561708 -0.00561708 -0.00561708 -0.00561708 -0.00561708 -0.00561708

Gradient_W (10 x 3 x 8)
Gradient_W[0] =
  -0.0103099 -0.0103099 -0.0103099 -0.0103099 -0.0103099 -0.0103099 -0.0103099 -0.0103099
  0.0762892 0.0762892 0.0762892 0.0762892 0.0762892 0.0762892 0.0762892 0.0762892
  -0.022659 -0.022659 -0.022659 -0.022659 -0.022659 -0.022659 -0.022659 -0.022659

Gradient_W[1] =
  -0.0435292 -0.0435292 -0.0435292 -0.0435292 -0.0435292 -0.0435292 -0.0435292 -0.0435292
  -0.00887775 -0.00887775 -0.00887775 -0.00887775 -0.00887775 -0.00887775 -0.00887775 -0.00887775
  -0.0585989 -0.0585989 -0.0585989 -0.0585989 -0.0585989 -0.0585989 -0.0585989 -0.0585989

Gradient_W[2] =
  0.00361769 0.00361769 0.00361769 0.00361769 0.00361769 0.00361769 0.00361769 0.00361769
  -0.0337847 -0.0337847 -0.0337847 -0.0337847 -0.0337847 -0.0337847 -0.0337847 -0.0337847
  -0.0581782 -0.0581782 -0.0581782 -0.0581782 -0.0581782 -0.0581782 -0.0581782 -0.0581782

Gradient_W[3] =
  0.0281595 0.0281595 0.0281595 0.0281595 0.0281595 0.0281595 0.0281595 0.0281595
  -0.0156219 -0.0156219 -0.0156219 -0.0156219 -0.0156219 -0.0156219 -0.0156219 -0.0156219
  0.102242 0.102242 0.102242 0.102242 0.102242 0.102242 0.102242 0.102242

Gradient_W[4] =
  0.0482573 0.0482573 0.0482573 0.0482573 0.0482573 0.0482573 0.0482573 0.0482573
  -0.055259 -0.055259 -0.055259 -0.055259 -0.055259 -0.055259 -0.055259 -0.055259
  -0.0433566 -0.0433566 -0.0433566 -0.0433566 -0.0433566 -0.0433566 -0.0433566 -0.0433566

Gradient_W[5] =
  -0.00116847 -0.00116847 -0.00116847 -0.00116847 -0.00116847 -0.00116847 -0.00116847 -0.00116847
  0.0133703 0.0133703 0.0133703 0.0133703 0.0133703 0.0133703 0.0133703 0.0133703
  0.00059799 0.00059799 0.00059799 0.00059799 0.00059799 0.00059799 0.00059799 0.00059799

Gradient_W[6] =
  0.0761226 0.0761226 0.0761226 0.0761226 0.0761226 0.0761226 0.0761226 0.0761226
  0.0253817 0.0253817 0.0253817 0.0253817 0.0253817 0.0253817 0.0253817 0.0253817
  -0.137049 -0.137049 -0.137049 -0.137049 -0.137049 -0.137049 -0.137049 -0.137049

Gradient_W[7] =
  -0.00462949 -0.00462949 -0.00462949 -0.00462949 -0.00462949 -0.00462949 -0.00462949 -0.00462949
  -0.049964 -0.049964 -0.049964 -0.049964 -0.049964 -0.049964 -0.049964 -0.049964
  -5.136e-05 -5.136e-05 -5.136e-05 -5.136e-05 -5.136e-05 -5.136e-05 -5.136e-05 -5.136e-05

Gradient_W[8] =
  0.00833167 0.00833167 0.00833167 0.00833167 0.00833167 0.00833167 0.00833167 0.00833167
  0.0101465 0.0101465 0.0101465 0.0101465 0.0101465 0.0101465 0.0101465 0.0101465
  -0.0612564 -0.0612564 -0.0612564 -0.0612564 -0.0612564 -0.0612564 -0.0612564 -0.0612564

Gradient_W[9] =
  -0.0263011 -0.0263011 -0.0263011 -0.0263011 -0.0263011 -0.0263011 -0.0263011 -0.0263011
  -0.0190348 -0.0190348 -0.0190348 -0.0190348 -0.0190348 -0.0190348 -0.0190348 -0.0190348
  -0.152555 -0.152555 -0.152555 -0.152555 -0.152555 -0.152555 -0.152555 -0.152555

