Gradients
=========

Gradient_a (100 x 3)
Gradient_a[0] = 0.321539 10.6223 58.0565
Gradient_a[1] = -6.89824 0.74499 -3.97182
Gradient_a[2] = 2.57053 -23.7529 -4.02595
Gradient_a[3] = -7.84828 -11.9841 -40.0149
Gradient_a[4] = 46.9385 -33.4501 12.2812
Gradient_a[5] = -34.0907 3.91128 19.1946
Gradient_a[6] = -41.6499 8.69008 7.07699
Gradient_a[7] = 24.5878 8.30456 6.87692
Gradient_a[8] = -38.546 -6.96472 -4.45549
Gradient_a[9] = 1.38148 -23.3217 -6.64602
Gradient_a[10] = 18.3487 24.2818 -2.64138
Gradient_a[11] = 9.4857 15.5626 -16.4352
Gradient_a[12] = 19.562 0.212587 -5.68779
Gradient_a[13] = -44.7536 4.2764 26.0435
Gradient_a[14] = -60.4864 -41.2963 28.3492
Gradient_a[15] = 4.88803 13.5651 -6.00626
Gradient_a[16] = 1.07245 18.7568 -5.44591
Gradient_a[17] = 22.8253 14.4578 -0.689399
Gradient_a[18] = -16.1702 -25.5745 17.5985
Gradient_a[19] = 27.9612 -15.5859 -24.9907
Gradient_a[20] = 37.4358 17.067 -22.0562
Gradient_a[21] = -6.24149 -9.48692 7.19502
Gradient_a[22] = 15.5176 -26.5701 -32.8575
Gradient_a[23] = -15.6596 -21.0331 -20.8794
Gradient_a[24] = 12.6755 19.0444 -75.9021
Gradient_a[25] = 57.6879 2.2861 -1.16793
Gradient_a[26] = 26.9065 -24.8563 15.5234
Gradient_a[27] = 26.5725 -13.1154 -8.09134
Gradient_a[28] = -21.7844 -19.718 2.4463
Gradient_a[29] = 3.1334 17.8442 2.97527
Gradient_a[30] = 9.4245 9.02888 -14.838
Gradient_a[31] = 22.3246 3.07294 -12.0129
Gradient_a[32] = -4.68446 -7.67 54.8401
Gradient_a[33] = 13.8819 -10.2402 -51.3051
Gradient_a[34] = 25.7552 -18.8823 3.23002
Gradient_a[35] = 8.45568 -10.9385 -27.0894
Gradient_a[36] = 7.54292 15.2479 22.0095
Gradient_a[37] = 17.7081 33.6924 13.9829
Gradient_a[38] = 6.81156 6.45478 -15.6348
Gradient_a[39] = -18.0482 -10.228 -23.0654
Gradient_a[40] = 13.0785 11.1205 -18.125
Gradient_a[41] = 19.4384 6.17891 40.0028
Gradient_a[42] = -59.9899 1.47097 -56.9413
Gradient_a[43] = 12.4358 -4.68445 62.2238
Gradient_a[44] = -40.5474 20.161 46.499
Gradient_a[45] = -8.30263 24.7058 5.90693
Gradient_a[46] = -15.691 -6.96576 11.5968
Gradient_a[47] = 1.03504 -27.4368 -17.6965
Gradient_a[48] = 18.8291 -45.5606 -15.9287
Gradient_a[49] = 30.798 26.4196 5.64386
Gradient_a[50] = -18.1931 8.66149 20.3261
Gradient_a[51] = -19.845 15.0488 -16.1688
Gradient_a[52] = -21.9707 5.94499 16.4726
Gradient_a[53] = 5.1094 -15.9207 3.24246
Gradient_a[54] = 17.9609 4.43775 -21.5268
Gradient_a[55] = -28.4496 -9.41027 19.1822
Gradient_a[56] = 13.7842 31.6599 -22.2629
Gradient_a[57] = 9.31179 -16.0451 37.4091
Gradient_a[58] = -3.59632 -26.1086 -37.623
Gradient_a[59] = -18.5233 -36.2647 -3.54859
Gradient_a[60] = -11.6638 -21.1801 16.7542
Gradient_a[61] = 40.2743 16.0391 16.0688
Gradient_a[62] = 13.6604 -7.57466 -4.84814
Gradient_a[63] = -24.4879 21.6018 -0.936442
Gradient_a[64] = -9.87195 -15.9243 -46.2056
Gradient_a[65] = 30.3305 32.7899 69.1656
Gradient_a[66] = -9.94053 13.3769 -7.5318
Gradient_a[67] = 17.8085 -30.4261 -1.23547
Gradient_a[68] = 10.6208 26.3162 -8.27515
Gradient_a[69] = -12.1799 17.903 24.5879
Gradient_a[70] = -16.5541 -15.7802 1.43011
Gradient_a[71] = 21.0924 -18.677 2.4315
Gradient_a[72] = -7.37676 -6.13956 -16.2329
Gradient_a[73] = -0.883208 17.8642 -32.808
Gradient_a[74] = -33.4636 -20.0724 -51.578
Gradient_a[75] = -20.7844 0.738764 -33.2917
Gradient_a[76] = -3.24744 25.5853 7.77414
Gradient_a[77] = 11.442 7.61707 -5.68732
Gradient_a[78] = -16.3308 -9.99363 15.1765
Gradient_a[79] = 21.4267 -9.62439 -31.8338
Gradient_a[80] = 8.27631 18.934 51.3562
Gradient_a[81] = -1.49737 22.2112 20.2881
Gradient_a[82] = -13.5341 -4.17765 -7.9196
Gradient_a[83] = 22.3523 -35.1951 -13.6741
Gradient_a[84] = -3.31111 -31.3535 -34.0164
Gradient_a[85] = -11.6189 24.5937 59.2159
Gradient_a[86] = -14.8157 7.5043 10.4298
Gradient_a[87] = 11.2483 35.0524 31.0438
Gradient_a[88] = -2.80324 19.4685 -9.11118
Gradient_a[89] = 15.8652 -46.9194 28.3851
Gradient_a[90] = -25.8344 -0.642559 40.5451
Gradient_a[91] = 17.1379 -12.1152 22.4046
Gradient_a[92] = -55.4638 12.2511 -9.98744
Gradient_a[93] = -22.8191 7.91125 0.0361565
Gradient_a[94] = -19.574 -18.0694 -15.4111
Gradient_a[95] = 12.0083 0.629106 -34.1576
Gradient_a[96] = -30.4722 14.5274 -1.88493
Gradient_a[97] = 61.1297 27.7863 7.97135
Gradient_a[98] = 2.94496 -22.7594 -50.169
Gradient_a[99] = -9.87588 29.7801 9.57558

Gradient_b (16)
Gradient_b = -0.0434051 -0.0434051 -0.0434051 -0.0434051 -0.0434051 -0.0434051 -0.0434051 -0.0434051 -0.0434051 -0.0434051 -0.0434051 -0.0434051 -0.0434051 -0.0434051 -0.0434051 -0.0434051

Gradient_W (100 x 3 x 16)
Gradient_W[0] =
  0.324828 0.324828 0.324828 0.324828 0.324828 0.324828 0.324828 0.324828 0.324828 0.324828 0.324828 0.324828 0.324828 0.324828 0.324828 0.324828
  10.6095 10.6095 10.6095 10.6095 10.6095 10.6095 10.6095 10.6095 10.6095 10.6095 10.6095 10.6095 10.6095 10.6095 10.6095 10.6095
  58.0749 58.0749 58.0749 58.0749 58.0749 58.0749 58.0749 58.0749 58.0749 58.0749 58.0749 58.0749 58.0749 58.0749 58.0749 58.0749

Gradient_W[1] =
  -6.90118 -6.90118 -6.90118 -6.90118 -6.90118 -6.90118 -6.90118 -6.90118 -6.90118 -6.90118 -6.90118 -6.90118 -6.90118 -6.90118 -6.90118 -6.90118
  0.781911 0.781911 0.781911 0.781911 0.781911 0.781911 0.781911 0.781911 0.781911 0.781911 0.781911 0.781911 0.781911 0.781911 0.781911 0.781911
  -3.88898 -3.88898 -3.88898 -3.88898 -3.88898 -3.88898 -3.88898 -3.88898 -3.88898 -3.88898 -3.88898 -3.88898 -3.88898 -3.88898 -3.88898 -3.88898

Gradient_W[2] =
  2.58743 2.58743 2.58743 2.58743 2.58743 2.58743 2.58743 2.58743 2.58743 2.58743 2.58743 2.58743 2.58743 2.58743 2.58743 2.58743
  -23.7619 -23.7619 -23.7619 -23.7619 -23.7619 -23.7619 -23.7619 -23.7619 -23.7619 -23.7619 -23.7619 -23.7619 -23.7619 -23.7619 -23.7619 -23.7619
  -4.03012 -4.03012 -4.03012 -4.03012 -4.03012 -4.03012 -4.03012 -4.03012 -4.03012 -4.03012 -4.03012 -4.03012 -4.03012 -4.03012 -4.03012 -4.03012

Gradient_W[3] =
  -7.85922 -7.85922 -7.85922 -7.85922 -7.85922 -7.85922 -7.85922 -7.85922 -7.85922 -7.85922 -7.85922 -7.85922 -7.85922 -7.85922 -7.85922 -7.85922
  -12.0144 -12.0144 -12.0144 -12.0144 -12.0144 -12.0144 -12.0144 -12.0144 -12.0144 -12.0144 -12.0144 -12.0144 -12.0144 -12.0144 -12.0144 -12.0144
  -40.1253 -40.1253 -40.1253 -40.1253 -40.1253 -40.1253 -40.1253 -40.1253 -40.1253 -40.1253 -40.1253 -40.1253 -40.1253 -40.1253 -40.1253 -40.1253

Gradient_W[4] =
  46.923 46.923 46.923 46.923 46.923 46.923 46.923 46.923 46.923 46.923 46.923 46.923 46.923 46.923 46.923 46.923
  -33.4439 -33.4439 -33.4439 -33.4439 -33.4439 -33.4439 -33.4439 -33.4439 -33.4439 -33.4439 -33.4439 -33.4439 -33.4439 -33.4439 -33.4439 -33.4439
  12.2674 12.2674 12.2674 12.2674 12.2674 12.2674 12.2674 12.2674 12.2674 12.2674 12.2674 12.2674 12.2674 12.2674 12.2674 12.2674

Gradient_W[5] =
  -34.1138 -34.1138 -34.1138 -34.1138 -34.1138 -34.1138 -34.1138 -34.1138 -34.1138 -34.1138 -34.1138 -34.1138 -34.1138 -34.1138 -34.1138 -34.1138
  3.92572 3.92572 3.92572 3.92572 3.92572 3.92572 3.92572 3.92572 3.92572 3.92572 3.92572 3.92572 3.92572 3.92572 3.92572 3.92572
  19.1467 19.1467 19.1467 19.1467 19.1467 19.1467 19.1467 19.1467 19.1467 19.1467 19.1467 19.1467 19.1467 19.1467 19.1467 19.1467

Gradient_W[6] =
  -41.6369 -41.6369 -41.6369 -41.6369 -41.6369 -41.6369 -41.6369 -41.6369 -41.6369 -41.6369 -41.6369 -41.6369 -41.6369 -41.6369 -41.6369 -41.6369
  8.68547 8.68547 8.68547 8.68547 8.68547 8.68547 8.68547 8.68547 8.68547 8.68547 8.68547 8.68547 8.68547 8.68547 8.68547 8.68547
  7.05539 7.05539 7.05539 7.05539 7.05539 7.05539 7.05539 7.05539 7.05539 7.05539 7.05539 7.05539 7.05539 7.05539 7.05539 7.05539

Gradient_W[7] =
  24.5668 24.5668 24.5668 24.5668 24.5668 24.5668 24.5668 24.5668 24.5668 24.5668 24.5668 24.5668 24.5668 24.5668 24.5668 24.5668
  8.28908 8.28908 8.28908 8.28908 8.28908 8.28908 8.28908 8.28908 8.28908 8.28908 8.28908 8.28908 8.28908 8.28908 8.28908 8.28908
  6.84802 6.84802 6.84802 6.84802 6.84802 6.84802 6.84802 6.84802 6.84802 6.84802 6.84802 6.84802 6.84802 6.84802 6.84802 6.84802

Gradient_W[8] =
  -38.5631 -38.5631 -38.5631 -38.5631 -38.5631 -38.5631 -38.5631 -38.5631 -38.5631 -38.5631 -38.5631 -38.5631 -38.5631 -38.5631 -38.5631 -38.5631
  -6.97341 -6.97341 -6.97341 -6.97341 -6.97341 -6.97341 -6.97341 -6.97341 -6.97341 -6.97341 -6.97341 -6.97341 -6.97341 -6.97341 -6.97341 -6.97341
  -4.43941 -4.43941 -4.43941 -4.43941 -4.43941 -4.43941 -4.43941 -4.43941 -4.43941 -4.43941 -4.43941 -4.43941 -4.43941 -4.43941 -4.43941 -4.43941

Gradient_W[9] =
  1.39199 1.39199 1.39199 1.39199 1.39199 1.39199 1.39199 1.39199 1.39199 1.39199 1.39199 1.39199 1.39199 1.39199 1.39199 1.39199
  -23.3355 -23.3355 -23.3355 -23.3355 -23.3355 -23.3355 -23.3355 -23.3355 -23.3355 -23.3355 -23.3355 -23.3355 -23.3355 -23.3355 -23.3355 -23.3355
  -6.62252 -6.62252 -6.62252 -6.62252 -6.62252 -6.62252 -6.62252 -6.62252 -6.62252 -6.62252 -6.62252 -6.62252 -6.62252 -6.62252 -6.62252 -6.62252

Gradient_W[10] =
  18.3086 18.3086 18.3086 18.3086 18.3086 18.3086 18.3086 18.3086 18.3086 18.3086 18.3086 18.3086 18.3086 18.3086 18.3086 18.3086
  24.2891 24.2891 24.2891 24.2891 24.2891 24.2891 24.2891 24.2891 24.2891 24.2891 24.2891 24.2891 24.2891 24.2891 24.2891 24.2891
  -2.62584 -2.62584 -2.62584 -2.62584 -2.62584 -2.62584 -2.62584 -2.62584 -2.62584 -2.62584 -2.62584 -2.62584 -2.62584 -2.62584 -2.62584 -2.62584

Gradient_W[11] =
  9.45929 9.45929 9.45929 9.45929 9.45929 9.45929 9.45929 9.45929 9.45929 9.45929 9.45929 9.45929 9.45929 9.45929 9.45929 9.45929
  15.5538 15.5538 15.5538 15.5538 15.5538 15.5538 15.5538 15.5538 15.5538 15.5538 15.5538 15.5538 15.5538 15.5538 15.5538 15.5538
  -16.3935 -16.3935 -16.3935 -16.3935 -16.3935 -16.3935 -16.3935 -16.3935 -16.3935 -16.3935 -16.3935 -16.3935 -16.3935 -16.3935 -16.3935 -16.3935

Gradient_W[12] =
  19.5399 19.5399 19.5399 19.5399 19.5399 19.5399 19.5399 19.5399 19.5399 19.5399 19.5399 19.5399 19.5399 19.5399 19.5399 19.5399
  0.213866 0.213866 0.213866 0.213866 0.213866 0.213866 0.213866 0.213866 0.213866 0.213866 0.213866 0.213866 0.213866 0.213866 0.213866 0.213866
  -5.6447 -5.6447 -5.6447 -5.6447 -5.6447 -5.6447 -5.6447 -5.6447 -5.6447 -5.6447 -5.6447 -5.6447 -5.6447 -5.6447 -5.6447 -5.6447

Gradient_W[13] =
  -44.7608 -44.7608 -44.7608 -44.7608 -44.7608 -44.7608 -44.7608 -44.7608 -44.7608 -44.7608 -44.7608 -44.7608 -44.7608 -44.7608 -44.7608 -44.7608
  4.29651 4.29651 4.29651 4.29651 4.29651 4.29651 4.29651 4.29651 4.29651 4.29651 4.29651 4.29651 4.29651 4.29651 4.29651 4.29651
  26.091 26.091 26.091 26.091 26.091 26.091 26.091 26.091 26.091 26.091 26.091 26.091 26.091 26.091 26.091 26.091

Gradient_W[14] =
  -60.492 -60.492 -60.492 -60.492 -60.492 -60.492 -60.492 -60.492 -60.492 -60.492 -60.492 -60.492 -60.492 -60.492 -60.492 -60.492
  -41.3038 -41.3038 -41.3038 -41.3038 -41.3038 -41.3038 -41.3038 -41.3038 -41.3038 -41.3038 -41.3038 -41.3038 -41.3038 -41.3038 -41.3038 -41.3038
  28.3039 28.3039 28.3039 28.3039 28.3039 28.3039 28.3039 28.3039 28.3039 28.3039 28.3039 28.3039 28.3039 28.3039 28.3039 28.3039

Gradient_W[15] =
  4.86686 4.86686 4.86686 4.86686 4.86686 4.86686 4.86686 4.86686 4.86686 4.86686 4.86686 4.86686 4.86686 4.86686 4.86686 4.86686
  13.5745 13.5745 13.5745 13.5745 13.5745 13.5745 13.5745 13.5745 13.5745 13.5745 13.5745 13.5745 13.5745 13.5745 13.5745 13.5745
  -6.06991 -6.06991 -6.06991 -6.06991 -6.06991 -6.06991 -6.06991 -6.06991 -6.06991 -6.06991 -6.06991 -6.06991 -6.06991 -6.06991 -6.06991 -6.06991

Gradient_W[16] =
  1.10235 1.10235 1.10235 1.10235 1.10235 1.10235 1.10235 1.10235 1.10235 1.10235 1.10235 1.10235 1.10235 1.10235 1.10235 1.10235
  18.7377 18.7377 18.7377 18.7377 18.7377 18.7377 18.7377 18.7377 18.7377 18.7377 18.7377 18.7377 18.7377 18.7377 18.7377 18.7377
  -5.35268 -5.35268 -5.35268 -5.35268 -5.35268 -5.35268 -5.35268 -5.35268 -5.35268 -5.35268 -5.35268 -5.35268 -5.35268 -5.35268 -5.35268 -5.35268

Gradient_W[17] =
  22.845 22.845 22.845 22.845 22.845 22.845 22.845 22.845 22.845 22.845 22.845 22.845 22.845 22.845 22.845 22.845
  14.4066 14.4066 14.4066 14.4066 14.4066 14.4066 14.4066 14.4066 14.4066 14.4066 14.4066 14.4066 14.4066 14.4066 14.4066 14.4066
  -0.773528 -0.773528 -0.773528 -0.773528 -0.773528 -0.773528 -0.773528 -0.773528 -0.773528 -0.773528 -0.773528 -0.773528 -0.773528 -0.773528 -0.773528 -0.773528

Gradient_W[18] =
  -16.1541 -16.1541 -16.1541 -16.1541 -16.1541 -16.1541 -16.1541 -16.1541 -16.1541 -16.1541 -16.1541 -16.1541 -16.1541 -16.1541 -16.1541 -16.1541
  -25.562 -25.562 -25.562 -25.562 -25.562 -25.562 -25.562 -25.562 -25.562 -25.562 -25.562 -25.562 -25.562 -25.562 -25.562 -25.562
  17.625 17.625 17.625 17.625 17.625 17.625 17.625 17.625 17.625 17.625 17.625 17.625 17.625 17.625 17.625 17.625

Gradient_W[19] =
  27.9649 27.9649 27.9649 27.9649 27.9649 27.9649 27.9649 27.9649 27.9649 27.9649 27.9649 27.9649 27.9649 27.9649 27.9649 27.9649
  -15.5849 -15.5849 -15.5849 -15.5849 -15.5849 -15.5849 -15.5849 -15.5849 -15.5849 -15.5849 -15.5849 -15.5849 -15.5849 -15.5849 -15.5849 -15.5849
  -25.0268 -25.0268 -25.0268 -25.0268 -25.0268 -25.0268 -25.0268 -25.0268 -25.0268 -25.0268 -25.0268 -25.0268 -25.0268 -25.0268 -25.0268 -25.0268

Gradient_W[20] =
  37.4117 37.4117 37.4117 37.4117 37.4117 37.4117 37.4117 37.4117 37.4117 37.4117 37.4117 37.4117 37.4117 37.4117 37.4117 37.4117
  17.0536 17.0536 17.0536 17.0536 17.0536 17.0536 17.0536 17.0536 17.0536 17.0536 17.0536 17.0536 17.0536 17.0536 17.0536 17.0536
  -22.1043 -22.1043 -22.1043 -22.1043 -22.1043 -22.1043 -22.1043 -22.1043 -22.1043 -22.1043 -22.1043 -22.1043 -22.1043 -22.1043 -22.1043 -22.1043

Gradient_W[21] =
  -6.27767 -6.27767 -6.27767 -6.27767 -6.27767 -6.27767 -6.27767 -6.27767 -6.27767 -6.27767 -6.27767 -6.27767 -6.27767 -6.27767 -6.27767 -6.27767
  -9.49704 -9.49704 -9.49704 -9.49704 -9.49704 -9.49704 -9.49704 -9.49704 -9.49704 -9.49704 -9.49704 -9.49704 -9.49704 -9.49704 -9.49704 -9.49704
  7.24675 7.24675 7.24675 7.24675 7.24675 7.24675 7.24675 7.24675 7.24675 7.24675 7.24675 7.24675 7.24675 7.24675 7.24675 7.24675

Gradient_W[22] =
  15.5042 15.5042 15.5042 15.5042 15.5042 15.5042 15.5042 15.5042 15.5042 15.5042 15.5042 15.5042 15.5042 15.5042 15.5042 15.5042
  -26.5874 -26.5874 -26.5874 -26.5874 -26.5874 -26.5874 -26.5874 -26.5874 -26.5874 -26.5874 -26.5874 -26.5874 -26.5874 -26.5874 -26.5874 -26.5874
  -32.8006 -32.8006 -32.8006 -32.8006 -32.8006 -32.8006 -32.8006 -32.8006 -32.8006 -32.8006 -32.8006 -32.8006 -32.8006 -32.8006 -32.8006 -32.8006

Gradient_W[23] =
  -15.6443 -15.6443 -15.6443 -15.6443 -15.6443 -15.6443 -15.6443 -15.6443 -15.6443 -15.6443 -15.6443 -15.6443 -15.6443 -15.6443 -15.6443 -15.6443
  -21.0338 -21.0338 -21.0338 -21.0338 -21.0338 -21.0338 -21.0338 -21.0338 -21.0338 -21.0338 -21.0338 -21.0338 -21.0338 -21.0338 -21.0338 -21.0338
  -20.9626 -20.9626 -20.9626 -20.9626 -20.9626 -20.9626 -20.9626 -20.9626 -20.9626 -20.9626 -20.9626 -20.9626 -20.9626 -20.9626 -20.9626 -20.9626

Gradient_W[24] =
  12.6718 12.6718 12.6718 12.6718 12.6718 12.6718 12.6718 12.6718 12.6718 12.6718 12.6718 12.6718 12.6718 12.6718 12.6718 12.6718
  19.0404 19.0404 19.0404 19.0404 19.0404 19.0404 19.0404 19.0404 19.0404 19.0404 19.0404 19.0404 19.0404 19.0404 19.0404 19.0404
  -75.9505 -75.9505 -75.9505 -75.9505 -75.9505 -75.9505 -75.9505 -75.9505 -75.9505 -75.9505 -75.9505 -75.9505 -75.9505 -75.9505 -75.9505 -75.9505

Gradient_W[25] =
  57.6643 57.6643 57.6643 57.6643 57.6643 57.6643 57.6643 57.6643 57.6643 57.6643 57.6643 57.6643 57.6643 57.6643 57.6643 57.6643
  2.25962 2.25962 2.25962 2.25962 2.25962 2.25962 2.25962 2.25962 2.25962 2.25962 2.25962 2.25962 2.25962 2.25962 2.25962 2.25962
  -1.17458 -1.17458 -1.17458 -1.17458 -1.17458 -1.17458 -1.17458 -1.17458 -1.17458 -1.17458 -1.17458 -1.17458 -1.17458 -1.17458 -1.17458 -1.17458

Gradient_W[26] =
  26.8912 26.8912 26.8912 26.8912 26.8912 26.8912 26.8912 26.8912 26.8912 26.8912 26.8912 26.8912 26.8912 26.8912 26.8912 26.8912
  -24.8373 -24.8373 -24.8373 -24.8373 -24.8373 -24.8373 -24.8373 -24.8373 -24.8373 -24.8373 -24.8373 -24.8373 -24.8373 -24.8373 -24.8373 -24.8373
  15.5208 15.5208 15.5208 15.5208 15.5208 15.5208 15.5208 15.5208 15.5208 15.5208 15.5208 15.5208 15.5208 15.5208 15.5208 15.5208

Gradient_W[27] =
  26.564 26.564 26.564 26.564 26.564 26.564 26.564 26.564 26.564 26.564 26.564 26.564 26.564 26.564 26.564 26.564
  -13.1279 -13.1279 -13.1279 -13.1279 -13.1279 -13.1279 -13.1279 -13.1279 -13.1279 -13.1279 -13.1279 -13.1279 -13.1279 -13.1279 -13.1279 -13.1279
  -8.1834 -8.1834 -8.1834 -8.1834 -8.1834 -8.1834 -8.1834 -8.1834 -8.1834 -8.1834 -8.1834 -8.1834 -8.1834 -8.1834 -8.1834 -8.1834

Gradient_W[28] =
  -21.7711 -21.7711 -21.7711 -21.7711 -21.7711 -21.7711 -21.7711 -21.7711 -21.7711 -21.7711 -21.7711 -21.7711 -21.7711 -21.7711 -21.7711 -21.7711
  -19.7282 -19.7282 -19.7282 -19.7282 -19.7282 -19.7282 -19.7282 -19.7282 -19.7282 -19.7282 -19.7282 -19.7282 -19.7282 -19.7282 -19.7282 -19.7282
  2.50604 2.50604 2.50604 2.50604 2.50604 2.50604 2.50604 2.50604 2.50604 2.50604 2.50604 2.50604 2.50604 2.50604 2.50604 2.50604

Gradient_W[29] =
  3.10374 3.10374 3.10374 3.10374 3.10374 3.10374 3.10374 3.10374 3.10374 3.10374 3.10374 3.10374 3.10374 3.10374 3.10374 3.10374
  17.865 17.865 17.865 17.865 17.865 17.865 17.865 17.865 17.865 17.865 17.865 17.865 17.865 17.865 17.865 17.865
  2.94309 2.94309 2.94309 2.94309 2.94309 2.94309 2.94309 2.94309 2.94309 2.94309 2.94309 2.94309 2.94309 2.94309 2.94309 2.94309

Gradient_W[30] =
  9.42542 9.42542 9.42542 9.42542 9.42542 9.42542 9.42542 9.42542 9.42542 9.42542 9.42542 9.42542 9.42542 9.42542 9.42542 9.42542
  8.99955 8.99955 8.99955 8.99955 8.99955 8.99955 8.99955 8.99955 8.99955 8.99955 8.99955 8.99955 8.99955 8.99955 8.99955 8.99955
  -14.8844 -14.8844 -14.8844 -14.8844 -14.8844 -14.8844 -14.8844 -14.8844 -14.8844 -14.8844 -14.8844 -14.8844 -14.8844 -14.8844 -14.8844 -14.8844

Gradient_W[31] =
  22.3103 22.3103 22.3103 22.3103 22.3103 22.3103 22.3103 22.3103 22.3103 22.3103 22.3103 22.3103 22.3103 22.3103 22.3103 22.3103
  3.07679 3.07679 3.07679 3.07679 3.07679 3.07679 3.07679 3.07679 3.07679 3.07679 3.07679 3.07679 3.07679 3.07679 3.07679 3.07679
  -12.073 -12.073 -12.073 -12.073 -12.073 -12.073 -12.073 -12.073 -12.073 -12.073 -12.073 -12.073 -12.073 -12.073 -12.073 -12.073

Gradient_W[32] =
  -4.68561 -4.68561 -4.68561 -4.68561 -4.68561 -4.68561 -4.68561 -4.68561 -4.68561 -4.68561 -4.68561 -4.68561 -4.68561 -4.68561 -4.68561 -4.68561
  -7.6599 -7.6599 -7.6599 -7.6599 -7.6599 -7.6599 -7.6599 -7.6599 -7.6599 -7.6599 -7.6599 -7.6599 -7.6599 -7.6599 -7.6599 -7.6599
  54.8944 54.8944 54.8944 54.8944 54.8944 54.8944 54.8944 54.8944 54.8944 54.8944 54.8944 54.8944 54.8944 54.8944 54.8944 54.8944

Gradient_W[33] =
  13.8521 13.8521 13.8521 13.8521 13.8521 13.8521 13.8521 13.8521 13.8521 13.8521 13.8521 13.8521 13.8521 13.8521 13.8521 13.8521
  -10.2385 -10.2385 -10.2385 -10.2385 -10.2385 -10.2385 -10.2385 -10.2385 -10.2385 -10.2385 -10.2385 -10.2385 -10.2385 -10.2385 -10.2385 -10.2385
  -51.347 -51.347 -51.347 -51.347 -51.347 -51.347 -51.347 -51.347 -51.347 -51.347 -51.347 -51.347 -51.347 -51.347 -51.347 -51.347

Gradient_W[34] =
  25.764 25.764 25.764 25.764 25.764 25.764 25.764 25.764 25.764 25.764 25.764 25.764 25.764 25.764 25.764 25.764
  -18.9236 -18.9236 -18.9236 -18.9236 -18.9236 -18.9236 -18.9236 -18.9236 -18.9236 -18.9236 -18.9236 -18.9236 -18.9236 -18.9236 -18.9236 -18.9236
  3.23627 3.23627 3.23627 3.23627 3.23627 3.23627 3.23627 3.23627 3.23627 3.23627 3.23627 3.23627 3.23627 3.23627 3.23627 3.23627

Gradient_W[35] =
  8.42151 8.42151 8.42151 8.42151 8.42151 8.42151 8.42151 8.42151 8.42151 8.42151 8.42151 8.42151 8.42151 8.42151 8.42151 8.42151
  -10.9498 -10.9498 -10.9498 -10.9498 -10.9498 -10.9498 -10.9498 -10.9498 -10.9498 -10.9498 -10.9498 -10.9498 -10.9498 -10.9498 -10.9498 -10.9498
  -27.1412 -27.1412 -27.1412 -27.1412 -27.1412 -27.1412 -27.1412 -27.1412 -27.1412 -27.1412 -27.1412 -27.1412 -27.1412 -27.1412 -27.1412 -27.1412

Gradient_W[36] =
  7.51877 7.51877 7.51877 7.51877 7.51877 7.51877 7.51877 7.51877 7.51877 7.51877 7.51877 7.51877 7.51877 7.51877 7.51877 7.51877
  15.2257 15.2257 15.2257 15.2257 15.2257 15.2257 15.2257 15.2257 15.2257 15.2257 15.2257 15.2257 15.2257 15.2257 15.2257 15.2257
  21.8589 21.8589 21.8589 21.8589 21.8589 21.8589 21.8589 21.8589 21.8589 21.8589 21.8589 21.8589 21.8589 21.8589 21.8589 21.8589

Gradient_W[37] =
  17.7082 17.7082 17.7082 17.7082 17.7082 17.7082 17.7082 17.7082 17.7082 17.7082 17.7082 17.7082 17.7082 17.7082 17.7082 17.7082
  33.6695 33.6695 33.6695 33.6695 33.6695 33.6695 33.6695 33.6695 33.6695 33.6695 33.6695 33.6695 33.6695 33.6695 33.6695 33.6695
  13.9826 13.9826 13.9826 13.9826 13.9826 13.9826 13.9826 13.9826 13.9826 13.9826 13.9826 13.9826 13.9826 13.9826 13.9826 13.9826

Gradient_W[38] =
  6.77156 6.77156 6.77156 6.77156 6.77156 6.77156 6.77156 6.77156 6.77156 6.77156 6.77156 6.77156 6.77156 6.77156 6.77156 6.77156
  6.49749 6.49749 6.49749 6.49749 6.49749 6.49749 6.49749 6.49749 6.49749 6.49749 6.49749 6.49749 6.49749 6.49749 6.49749 6.49749
  -15.6222 -15.6222 -15.6222 -15.6222 -15.6222 -15.6222 -15.6222 -15.6222 -15.6222 -15.6222 -15.6222 -15.6222 -15.6222 -15.6222 -15.6222 -15.6222

Gradient_W[39] =
  -18.0845 -18.0845 -18.0845 -18.0845 -18.0845 -18.0845 -18.0845 -18.0845 -18.0845 -18.0845 -18.0845 -18.0845 -18.0845 -18.0845 -18.0845 -18.0845
  -10.241 -10.241 -10.241 -10.241 -10.241 -10.241 -10.241 -10.241 -10.241 -10.241 -10.241 -10.241 -10.241 -10.241 -10.241 -10.241
  -23.1393 -23.1393 -23.1393 -23.1393 -23.1393 -23.1393 -23.1393 -23.1393 -23.1393 -23.1393 -23.1393 -23.1393 -23.1393 -23.1393 -23.1393 -23.1393

Gradient_W[40] =
  13.0649 13.0649 13.0649 13.0649 13.0649 13.0649 13.0649 13.0649 13.0649 13.0649 13.0649 13.0649 13.0649 13.0649 13.0649 13.0649
  11.1044 11.1044 11.1044 11.1044 11.1044 11.1044 11.1044 11.1044 11.1044 11.1044 11.1044 11.1044 11.1044 11.1044 11.1044 11.1044
  -18.2073 -18.2073 -18.2073 -18.2073 -18.2073 -18.2073 -18.2073 -18.2073 -18.2073 -18.2073 -18.2073 -18.2073 -18.2073 -18.2073 -18.2073 -18.2073

Gradient_W[41] =
  19.4482 19.4482 19.4482 19.4482 19.4482 19.4482 19.4482 19.4482 19.4482 19.4482 19.4482 19.4482 19.4482 19.4482 19.4482 19.4482
  6.14855 6.14855 6.14855 6.14855 6.14855 6.14855 6.14855 6.14855 6.14855 6.14855 6.14855 6.14855 6.14855 6.14855 6.14855 6.14855
  40.0074 40.0074 40.0074 40.0074 40.0074 40.0074 40.0074 40.0074 40.0074 40.0074 40.0074 40.0074 40.0074 40.0074 40.0074 40.0074

Gradient_W[42] =
  -59.9558 -59.9558 -59.9558 -59.9558 -59.9558 -59.9558 -59.9558 -59.9558 -59.9558 -59.9558 -59.9558 -59.9558 -59.9558 -59.9558 -59.9558 -59.9558
  1.47472 1.47472 1.47472 1.47472 1.47472 1.47472 1.47472 1.47472 1.47472 1.47472 1.47472 1.47472 1.47472 1.47472 1.47472 1.47472
  -57.0252 -57.0252 -57.0252 -57.0252 -57.0252 -57.0252 -57.0252 -57.0252 -57.0252 -57.0252 -57.0252 -57.0252 -57.0252 -57.0252 -57.0252 -57.0252

Gradient_W[43] =
  12.4554 12.4554 12.4554 12.4554 12.4554 12.4554 12.4554 12.4554 12.4554 12.4554 12.4554 12.4554 12.4554 12.4554 12.4554 12.4554
  -4.70772 -4.70772 -4.70772 -4.70772 -4.70772 -4.70772 -4.70772 -4.70772 -4.70772 -4.70772 -4.70772 -4.70772 -4.70772 -4.70772 -4.70772 -4.70772
  62.2449 62.2449 62.2449 62.2449 62.2449 62.2449 62.2449 62.2449 62.2449 62.2449 62.2449 62.2449 62.2449 62.2449 62.2449 62.2449

Gradient_W[44] =
  -40.552 -40.552 -40.552 -40.552 -40.552 -40.552 -40.552 -40.552 -40.552 -40.552 -40.552 -40.552 -40.552 -40.552 -40.552 -40.552
  20.1832 20.1832 20.1832 20.1832 20.1832 20.1832 20.1832 20.1832 20.1832 20.1832 20.1832 20.1832 20.1832 20.1832 20.1832 20.1832
  46.5323 46.5323 46.5323 46.5323 46.5323 46.5323 46.5323 46.5323 46.5323 46.5323 46.5323 46.5323 46.5323 46.5323 46.5323 46.5323

Gradient_W[45] =
  -8.30491 -8.30491 -8.30491 -8.30491 -8.30491 -8.30491 -8.30491 -8.30491 -8.30491 -8.30491 -8.30491 -8.30491 -8.30491 -8.30491 -8.30491 -8.30491
  24.6934 24.6934 24.6934 24.6934 24.6934 24.6934 24.6934 24.6934 24.6934 24.6934 24.6934 24.6934 24.6934 24.6934 24.6934 24.6934
  5.96322 5.96322 5.96322 5.96322 5.96322 5.96322 5.96322 5.96322 5.96322 5.96322 5.96322 5.96322 5.96322 5.96322 5.96322 5.96322

Gradient_W[46] =
  -15.7234 -15.7234 -15.7234 -15.7234 -15.7234 -15.7234 -15.7234 -15.7234 -15.7234 -15.7234 -15.7234 -15.7234 -15.7234 -15.7234 -15.7234 -15.7234
  -6.96348 -6.96348 -6.96348 -6.96348 -6.96348 -6.96348 -6.96348 -6.96348 -6.96348 -6.96348 -6.96348 -6.96348 -6.96348 -6.96348 -6.96348 -6.96348
  11.5801 11.5801 11.5801 11.5801 11.5801 11.5801 11.5801 11.5801 11.5801 11.5801 11.5801 11.5801 11.5801 11.5801 11.5801 11.5801

Gradient_W[47] =
  1.04619 1.04619 1.04619 1.04619 1.04619 1.04619 1.04619 1.04619 1.04619 1.04619 1.04619 1.04619 1.04619 1.04619 1.04619 1.04619
  -27.4571 -27.4571 -27.4571 -27.4571 -27.4571 -27.4571 -27.4571 -27.4571 -27.4571 -27.4571 -27.4571 -27.4571 -27.4571 -27.4571 -27.4571 -27.4571
  -17.6519 -17.6519 -17.6519 -17.6519 -17.6519 -17.6519 -17.6519 -17.6519 -17.6519 -17.6519 -17.6519 -17.6519 -17.6519 -17.6519 -17.6519 -17.6519

Gradient_W[48] =
  18.7799 18.7799 18.7799 18.7799 18.7799 18.7799 18.7799 18.7799 18.7799 18.7799 18.7799 18.7799 18.7799 18.7799 18.7799 18.7799
  -45.5753 -45.5753 -45.5753 -45.5753 -45.5753 -45.5753 -45.5753 -45.5753 -45.5753 -45.5753 -45.5753 -45.5753 -45.5753 -45.5753 -45.5753 -45.5753
  -15.9674 -15.9674 -15.9674 -15.9674 -15.9674 -15.9674 -15.9674 -15.9674 -15.9674 -15.9674 -15.9674 -15.9674 -15.9674 -15.9674 -15.9674 -15.9674

Gradient_W[49] =
  30.7936 30.7936 30.7936 30.7936 30.7936 30.7936 30.7936 30.7936 30.7936 30.7936 30.7936 30.7936 30.7936 30.7936 30.7936 30.7936
  26.4089 26.4089 26.4089 26.4089 26.4089 26.4089 26.4089 26.4089 26.4089 26.4089 26.4089 26.4089 26.4089 26.4089 26.4089 26.4089
  5.55248 5.55248 5.55248 5.55248 5.55248 5.55248 5.55248 5.55248 5.55248 5.55248 5.55248 5.55248 5.55248 5.55248 5.55248 5.55248

Gradient_W[50] =
  -18.1955 -18.1955 -18.1955 -18.1955 -18.1955 -18.1955 -18.1955 -18.1955 -18.1955 -18.1955 -18.1955 -18.1955 -18.1955 -18.1955 -18.1955 -18.1955
  8.6729 8.6729 8.6729 8.6729 8.6729 8.6729 8.6729 8.6729 8.6729 8.6729 8.6729 8.6729 8.6729 8.6729 8.6729 8.6729
  20.2282 20.2282 20.2282 20.2282 20.2282 20.2282 20.2282 20.2282 20.2282 20.2282 20.2282 20.2282 20.2282 20.2282 20.2282 20.2282

Gradient_W[51] =
  -19.8474 -19.8474 -19.8474 -19.8474 -19.8474 -19.8474 -19.8474 -19.8474 -19.8474 -19.8474 -19.8474 -19.8474 -19.8474 -19.8474 -19.8474 -19.8474
  15.0245 15.0245 15.0245 15.0245 15.0245 15.0245 15.0245 15.0245 15.0245 15.0245 15.0245 15.0245 15.0245 15.0245 15.0245 15.0245
  -16.291 -16.291 -16.291 -16.291 -16.291 -16.291 -16.291 -16.291 -16.291 -16.291 -16.291 -16.291 -16.291 -16.291 -16.291 -16.291

Gradient_W[52] =
  -21.9724 -21.9724 -21.9724 -21.9724 -21.9724 -21.9724 -21.9724 -21.9724 -21.9724 -21.9724 -21.9724 -21.9724 -21.9724 -21.9724 -21.9724 -21.9724
  5.93642 5.93642 5.93642 5.93642 5.93642 5.93642 5.93642 5.93642 5.93642 5.93642 5.93642 5.93642 5.93642 5.93642 5.93642 5.93642
  16.4199 16.4199 16.4199 16.4199 16.4199 16.4199 16.4199 16.4199 16.4199 16.4199 16.4199 16.4199 16.4199 16.4199 16.4199 16.4199

Gradient_W[53] =
  5.1051 5.1051 5.1051 5.1051 5.1051 5.1051 5.1051 5.1051 5.1051 5.1051 5.1051 5.1051 5.1051 5.1051 5.1051 5.1051
  -15.914 -15.914 -15.914 -15.914 -15.914 -15.914 -15.914 -15.914 -15.914 -15.914 -15.914 -15.914 -15.914 -15.914 -15.914 -15.914
  3.21555 3.21555 3.21555 3.21555 3.21555 3.21555 3.21555 3.21555 3.21555 3.21555 3.21555 3.21555 3.21555 3.21555 3.21555 3.21555

Gradient_W[54] =
  17.9673 17.9673 17.9673 17.9673 17.9673 17.9673 17.9673 17.9673 17.9673 17.9673 17.9673 17.9673 17.9673 17.9673 17.9673 17.9673
  4.43958 4.43958 4.43958 4.43958 4.43958 4.43958 4.43958 4.43958 4.43958 4.43958 4.43958 4.43958 4.43958 4.43958 4.43958 4.43958
  -21.6614 -21.6614 -21.6614 -21.6614 -21.6614 -21.6614 -21.6614 -21.6614 -21.6614 -21.6614 -21.6614 -21.6614 -21.6614 -21.6614 -21.6614 -21.6614

Gradient_W[55] =
  -28.4512 -28.4512 -28.4512 -28.4512 -28.4512 -28.4512 -28.4512 -28.4512 -28.4512 -28.4512 -28.4512 -28.4512 -28.4512 -28.4512 -28.4512 -28.4512
  -9.42175 -9.42175 -9.42175 -9.42175 -9.42175 -9.42175 -9.42175 -9.42175 -9.42175 -9.42175 -9.42175 -9.42175 -9.42175 -9.42175 -9.42175 -9.42175
  19.2298 19.2298 19.2298 19.2298 19.2298 19.2298 19.2298 19.2298 19.2298 19.2298 19.2298 19.2298 19.2298 19.2298 19.2298 19.2298

Gradient_W[56] =
  13.7851 13.7851 13.7851 13.7851 13.7851 13.7851 13.7851 13.7851 13.7851 13.7851 13.7851 13.7851 13.7851 13.7851 13.7851 13.7851
  31.6334 31.6334 31.6334 31.6334 31.6334 31.6334 31.6334 31.6334 31.6334 31.6334 31.6334 31.6334 31.6334 31.6334 31.6334 31.6334
  -22.3048 -22.3048 -22.3048 -22.3048 -22.3048 -22.3048 -22.3048 -22.3048 -22.3048 -22.3048 -22.3048 -22.3048 -22.3048 -22.3048 -22.3048 -22.3048

Gradient_W[57] =
  9.33721 9.33721 9.33721 9.33721 9.33721 9.33721 9.33721 9.33721 9.33721 9.33721 9.33721 9.33721 9.33721 9.33721 9.33721 9.33721
  -16.0451 -16.0451 -16.0451 -16.0451 -16.0451 -16.0451 -16.0451 -16.0451 -16.0451 -16.0451 -16.0451 -16.0451 -16.0451 -16.0451 -16.0451 -16.0451
  37.4663 37.4663 37.4663 37.4663 37.4663 37.4663 37.4663 37.4663 37.4663 37.4663 37.4663 37.4663 37.4663 37.4663 37.4663 37.4663

Gradient_W[58] =
  -3.63045 -3.63045 -3.63045 -3.63045 -3.63045 -3.63045 -3.63045 -3.63045 -3.63045 -3.63045 -3.63045 -3.63045 -3.63045 -3.63045 -3.63045 -3.63045
  -26.1122 -26.1122 -26.1122 -26.1122 -26.1122 -26.1122 -26.1122 -26.1122 -26.1122 -26.1122 -26.1122 -26.1122 -26.1122 -26.1122 -26.1122 -26.1122
  -37.6602 -37.6602 -37.6602 -37.6602 -37.6602 -37.6602 -37.6602 -37.6602 -37.6602 -37.6602 -37.6602 -37.6602 -37.6602 -37.6602 -37.6602 -37.6602

Gradient_W[59] =
  -18.4978 -18.4978 -18.4978 -18.4978 -18.4978 -18.4978 -18.4978 -18.4978 -18.4978 -18.4978 -18.4978 -18.4978 -18.4978 -18.4978 -18.4978 -18.4978
  -36.2611 -36.2611 -36.2611 -36.2611 -36.2611 -36.2611 -36.2611 -36.2611 -36.2611 -36.2611 -36.2611 -36.2611 -36.2611 -36.2611 -36.2611 -36.2611
  -3.53679 -3.53679 -3.53679 -3.53679 -3.53679 -3.53679 -3.53679 -3.53679 -3.53679 -3.53679 -3.53679 -3.53679 -3.53679 -3.53679 -3.53679 -3.53679

Gradient_W[60] =
  -11.6758 -11.6758 -11.6758 -11.6758 -11.6758 -11.6758 -11.6758 -11.6758 -11.6758 -11.6758 -11.6758 -11.6758 -11.6758 -11.6758 -11.6758 -11.6758
  -21.1898 -21.1898 -21.1898 -21.1898 -21.1898 -21.1898 -21.1898 -21.1898 -21.1898 -21.1898 -21.1898 -21.1898 -21.1898 -21.1898 -21.1898 -21.1898
  16.8408 16.8408 16.8408 16.8408 16.8408 16.8408 16.8408 16.8408 16.8408 16.8408 16.8408 16.8408 16.8408 16.8408 16.8408 16.8408

Gradient_W[61] =
  40.285 40.285 40.285 40.285 40.285 40.285 40.285 40.285 40.285 40.285 40.285 40.285 40.285 40.285 40.285 40.285
  16.0412 16.0412 16.0412 16.0412 16.0412 16.0412 16.0412 16.0412 16.0412 16.0412 16.0412 16.0412 16.0412 16.0412 16.0412 16.0412
  16.1003 16.1003 16.1003 16.1003 16.1003 16.1003 16.1003 16.1003 16.1003 16.1003 16.1003 16.1003 16.1003 16.1003 16.1003 16.1003

Gradient_W[62] =
  13.6728 13.6728 13.6728 13.6728 13.6728 13.6728 13.6728 13.6728 13.6728 13.6728 13.6728 13.6728 13.6728 13.6728 13.6728 13.6728
  -7.57728 -7.57728 -7.57728 -7.57728 -7.57728 -7.57728 -7.57728 -7.57728 -7.57728 -7.57728 -7.57728 -7.57728 -7.57728 -7.57728 -7.57728 -7.57728
  -4.89115 -4.89115 -4.89115 -4.89115 -4.89115 -4.89115 -4.89115 -4.89115 -4.89115 -4.89115 -4.89115 -4.89115 -4.89115 -4.89115 -4.89115 -4.89115

Gradient_W[63] =
  -24.5124 -24.5124 -24.5124 -24.5124 -24.5124 -24.5124 -24.5124 -24.5124 -24.5124 -24.5124 -24.5124 -24.5124 -24.5124 -24.5124 -24.5124 -24.5124
  21.5882 21.5882 21.5882 21.5882 21.5882 21.5882 21.5882 21.5882 21.5882 21.5882 21.5882 21.5882 21.5882 21.5882 21.5882 21.5882
  -0.974491 -0.974491 -0.974491 -0.974491 -0.974491 -0.974491 -0.974491 -0.974491 -0.974491 -0.974491 -0.974491 -0.974491 -0.974491 -0.974491 -0.974491 -0.974491

Gradient_W[64] =
  -9.86534 -9.86534 -9.86534 -9.86534 -9.86534 -9.86534 -9.86534 -9.86534 -9.86534 -9.86534 -9.86534 -9.86534 -9.86534 -9.86534 -9.86534 -9.86534
  -15.9177 -15.9177 -15.9177 -15.9177 -15.9177 -15.9177 -15.9177 -15.9177 -15.9177 -15.9177 -15.9177 -15.9177 -15.9177 -15.9177 -15.9177 -15.9177
  -46.2841 -46.2841 -46.2841 -46.2841 -46.2841 -46.2841 -46.2841 -46.2841 -46.2841 -46.2841 -46.2841 -46.2841 -46.2841 -46.2841 -46.2841 -46.2841

Gradient_W[65] =
  30.3001 30.3001 30.3001 30.3001 30.3001 30.3001 30.3001 30.3001 30.3001 30.3001 30.3001 30.3001 30.3001 30.3001 30.3001 30.3001
  32.7912 32.7912 32.7912 32.7912 32.7912 32.7912 32.7912 32.7912 32.7912 32.7912 32.7912 32.7912 32.7912 32.7912 32.7912 32.7912
  69.1446 69.1446 69.1446 69.1446 69.1446 69.1446 69.1446 69.1446 69.1446 69.1446 69.1446 69.1446 69.1446 69.1446 69.1446 69.1446

Gradient_W[66] =
  -9.94911 -9.94911 -9.94911 -9.94911 -9.94911 -9.94911 -9.94911 -9.94911 -9.94911 -9.94911 -9.94911 -9.94911 -9.94911 -9.94911 -9.94911 -9.94911
  13.3854 13.3854 13.3854 13.3854 13.3854 13.3854 13.3854 13.3854 13.3854 13.3854 13.3854 13.3854 13.3854 13.3854 13.3854 13.3854
  -7.51914 -7.51914 -7.51914 -7.51914 -7.51914 -7.51914 -7.51914 -7.51914 -7.51914 -7.51914 -7.51914 -7.51914 -7.51914 -7.51914 -7.51914 -7.51914

Gradient_W[67] =
  17.8066 17.8066 17.8066 17.8066 17.8066 17.8066 17.8066 17.8066 17.8066 17.8066 17.8066 17.8066 17.8066 17.8066 17.8066 17.8066
  -30.3937 -30.3937 -30.3937 -30.3937 -30.3937 -30.3937 -30.3937 -30.3937 -30.3937 -30.3937 -30.3937 -30.3937 -30.3937 -30.3937 -30.3937 -30.3937
  -1.19452 -1.19452 -1.19452 -1.19452 -1.19452 -1.19452 -1.19452 -1.19452 -1.19452 -1.19452 -1.19452 -1.19452 -1.19452 -1.19452 -1.19452 -1.19452

Gradient_W[68] =
  10.6009 10.6009 10.6009 10.6009 10.6009 10.6009 10.6009 10.6009 10.6009 10.6009 10.6009 10.6009 10.6009 10.6009 10.6009 10.6009
  26.3199 26.3199 26.3199 26.3199 26.3199 26.3199 26.3199 26.3199 26.3199 26.3199 26.3199 26.3199 26.3199 26.3199 26.3199 26.3199
  -8.29213 -8.29213 -8.29213 -8.29213 -8.29213 -8.29213 -8.29213 -8.29213 -8.29213 -8.29213 -8.29213 -8.29213 -8.29213 -8.29213 -8.29213 -8.29213

Gradient_W[69] =
  -12.2127 -12.2127 -12.2127 -12.2127 -12.2127 -12.2127 -12.2127 -12.2127 -12.2127 -12.2127 -12.2127 -12.2127 -12.2127 -12.2127 -12.2127 -12.2127
  17.9143 17.9143 17.9143 17.9143 17.9143 17.9143 17.9143 17.9143 17.9143 17.9143 17.9143 17.9143 17.9143 17.9143 17.9143 17.9143
  24.5246 24.5246 24.5246 24.5246 24.5246 24.5246 24.5246 24.5246 24.5246 24.5246 24.5246 24.5246 24.5246 24.5246 24.5246 24.5246

Gradient_W[70] =
  -16.5754 -16.5754 -16.5754 -16.5754 -16.5754 -16.5754 -16.5754 -16.5754 -16.5754 -16.5754 -16.5754 -16.5754 -16.5754 -16.5754 -16.5754 -16.5754
  -15.7944 -15.7944 -15.7944 -15.7944 -15.7944 -15.7944 -15.7944 -15.7944 -15.7944 -15.7944 -15.7944 -15.7944 -15.7944 -15.7944 -15.7944 -15.7944
  1.38455 1.38455 1.38455 1.38455 1.38455 1.38455 1.38455 1.38455 1.38455 1.38455 1.38455 1.38455 1.38455 1.38455 1.38455 1.38455

Gradient_W[71] =
  21.0866 21.0866 21.0866 21.0866 21.0866 21.0866 21.0866 21.0866 21.0866 21.0866 21.0866 21.0866 21.0866 21.0866 21.0866 21.0866
  -18.6467 -18.6467 -18.6467 -18.6467 -18.6467 -18.6467 -18.6467 -18.6467 -18.6467 -18.6467 -18.6467 -18.6467 -18.6467 -18.6467 -18.6467 -18.6467
  2.45182 2.45182 2.45182 2.45182 2.45182 2.45182 2.45182 2.45182 2.45182 2.45182 2.45182 2.45182 2.45182 2.45182 2.45182 2.45182

Gradient_W[72] =
  -7.39423 -7.39423 -7.39423 -7.39423 -7.39423 -7.39423 -7.39423 -7.39423 -7.39423 -7.39423 -7.39423 -7.39423 -7.39423 -7.39423 -7.39423 -7.39423
  -6.16117 -6.16117 -6.16117 -6.16117 -6.16117 -6.16117 -6.16117 -6.16117 -6.16117 -6.16117 -6.16117 -6.16117 -6.16117 -6.16117 -6.16117 -6.16117
  -16.1331 -16.1331 -16.1331 -16.1331 -16.1331 -16.1331 -16.1331 -16.1331 -16.1331 -16.1331 -16.1331 -16.1331 -16.1331 -16.1331 -16.1331 -16.1331

Gradient_W[73] =
  -0.891096 -0.891096 -0.891096 -0.891096 -0.891096 -0.891096 -0.891096 -0.891096 -0.891096 -0.891096 -0.891096 -0.891096 -0.891096 -0.891096 -0.891096 -0.891096
  17.822 17.822 17.822 17.822 17.822 17.822 17.822 17.822 17.822 17.822 17.822 17.822 17.822 17.822 17.822 17.822
  -32.8411 -32.8411 -32.8411 -32.8411 -32.8411 -32.8411 -32.8411 -32.8411 -32.8411 -32.8411 -32.8411 -32.8411 -32.8411 -32.8411 -32.8411 -32.8411

Gradient_W[74] =
  -33.4386 -33.4386 -33.4386 -33.4386 -33.4386 -33.4386 -33.4386 -33.4386 -33.4386 -33.4386 -33.4386 -33.4386 -33.4386 -33.4386 -33.4386 -33.4386
  -20.0875 -20.0875 -20.0875 -20.0875 -20.0875 -20.0875 -20.0875 -20.0875 -20.0875 -20.0875 -20.0875 -20.0875 -20.0875 -20.0875 -20.0875 -20.0875
  -51.6398 -51.6398 -51.6398 -51.6398 -51.6398 -51.6398 -51.6398 -51.6398 -51.6398 -51.6398 -51.6398 -51.6398 -51.6398 -51.6398 -51.6398 -51.6398

Gradient_W[75] =
  -20.8082 -20.8082 -20.8082 -20.8082 -20.8082 -20.8082 -20.8082 -20.8082 -20.8082 -20.8082 -20.8082 -20.8082 -20.8082 -20.8082 -20.8082 -20.8082
  0.729374 0.729374 0.729374 0.729374 0.729374 0.729374 0.729374 0.729374 0.729374 0.729374 0.729374 0.729374 0.729374 0.729374 0.729374 0.729374
  -33.3106 -33.3106 -33.3106 -33.3106 -33.3106 -33.3106 -33.3106 -33.3106 -33.3106 -33.3106 -33.3106 -33.3106 -33.3106 -33.3106 -33.3106 -33.3106

Gradient_W[76] =
  -3.26501 -3.26501 -3.26501 -3.26501 -3.26501 -3.26501 -3.26501 -3.26501 -3.26501 -3.26501 -3.26501 -3.26501 -3.26501 -3.26501 -3.26501 -3.26501
  25.5741 25.5741 25.5741 25.5741 25.5741 25.5741 25.5741 25.5741 25.5741 25.5741 25.5741 25.5741 25.5741 25.5741 25.5741 25.5741
  7.72374 7.72374 7.72374 7.72374 7.72374 7.72374 7.72374 7.72374 7.72374 7.72374 7.72374 7.72374 7.72374 7.72374 7.72374 7.72374

Gradient_W[77] =
  11.4243 11.4243 11.4243 11.4243 11.4243 11.4243 11.4243 11.4243 11.4243 11.4243 11.4243 11.4243 11.4243 11.4243 11.4243 11.4243
  7.61636 7.61636 7.61636 7.61636 7.61636 7.61636 7.61636 7.61636 7.61636 7.61636 7.61636 7.61636 7.61636 7.61636 7.61636 7.61636
  -5.78228 -5.78228 -5.78228 -5.78228 -5.78228 -5.78228 -5.78228 -5.78228 -5.78228 -5.78228 -5.78228 -5.78228 -5.78228 -5.78228 -5.78228 -5.78228

Gradient_W[78] =
  -16.3331 -16.3331 -16.3331 -16.3331 -16.3331 -16.3331 -16.3331 -16.3331 -16.3331 -16.3331 -16.3331 -16.3331 -16.3331 -16.3331 -16.3331 -16.3331
  -10.0438 -10.0438 -10.0438 -10.0438 -10.0438 -10.0438 -10.0438 -10.0438 -10.0438 -10.0438 -10.0438 -10.0438 -10.0438 -10.0438 -10.0438 -10.0438
  15.246 15.246 15.246 15.246 15.246 15.246 15.246 15.246 15.246 15.246 15.246 15.246 15.246 15.246 15.246 15.246

Gradient_W[79] =
  21.4244 21.4244 21.4244 21.4244 21.4244 21.4244 21.4244 21.4244 21.4244 21.4244 21.4244 21.4244 21.4244 21.4244 21.4244 21.4244
  -9.62506 -9.62506 -9.62506 -9.62506 -9.62506 -9.62506 -9.62506 -9.62506 -9.62506 -9.62506 -9.62506 -9.62506 -9.62506 -9.62506 -9.62506 -9.62506
  -31.7514 -31.7514 -31.7514 -31.7514 -31.7514 -31.7514 -31.7514 -31.7514 -31.7514 -31.7514 -31.7514 -31.7514 -31.7514 -31.7514 -31.7514 -31.7514

Gradient_W[80] =
  8.25106 8.25106 8.25106 8.25106 8.25106 8.25106 8.25106 8.25106 8.25106 8.25106 8.25106 8.25106 8.25106 8.25106 8.25106 8.25106
  18.9097 18.9097 18.9097 18.9097 18.9097 18.9097 18.9097 18.9097 18.9097 18.9097 18.9097 18.9097 18.9097 18.9097 18.9097 18.9097
  51.4052 51.4052 51.4052 51.4052 51.4052 51.4052 51.4052 51.4052 51.4052 51.4052 51.4052 51.4052 51.4052 51.4052 51.4052 51.4052

Gradient_W[81] =
  -1.51709 -1.51709 -1.51709 -1.51709 -1.51709 -1.51709 -1.51709 -1.51709 -1.51709 -1.51709 -1.51709 -1.51709 -1.51709 -1.51709 -1.51709 -1.51709
  22.1989 22.1989 22.1989 22.1989 22.1989 22.1989 22.1989 22.1989 22.1989 22.1989 22.1989 22.1989 22.1989 22.1989 22.1989 22.1989
  20.2097 20.2097 20.2097 20.2097 20.2097 20.2097 20.2097 20.2097 20.2097 20.2097 20.2097 20.2097 20.2097 20.2097 20.2097 20.2097

Gradient_W[82] =
  -13.5551 -13.5551 -13.5551 -13.5551 -13.5551 -13.5551 -13.5551 -13.5551 -13.5551 -13.5551 -13.5551 -13.5551 -13.5551 -13.5551 -13.5551 -13.5551
  -4.18012 -4.18012 -4.18012 -4.18012 -4.18012 -4.18012 -4.18012 -4.18012 -4.18012 -4.18012 -4.18012 -4.18012 -4.18012 -4.18012 -4.18012 -4.18012
  -7.96489 -7.96489 -7.96489 -7.96489 -7.96489 -7.96489 -7.96489 -7.96489 -7.96489 -7.96489 -7.96489 -7.96489 -7.96489 -7.96489 -7.96489 -7.96489

Gradient_W[83] =
  22.3434 22.3434 22.3434 22.3434 22.3434 22.3434 22.3434 22.3434 22.3434 22.3434 22.3434 22.3434 22.3434 22.3434 22.3434 22.3434
  -35.2265 -35.2265 -35.2265 -35.2265 -35.2265 -35.2265 -35.2265 -35.2265 -35.2265 -35.2265 -35.2265 -35.2265 -35.2265 -35.2265 -35.2265 -35.2265
  -13.6307 -13.6307 -13.6307 -13.6307 -13.6307 -13.6307 -13.6307 -13.6307 -13.6307 -13.6307 -13.6307 -13.6307 -13.6307 -13.6307 -13.6307 -13.6307

Gradient_W[84] =
  -3.30352 -3.30352 -3.30352 -3.30352 -3.30352 -3.30352 -3.30352 -3.30352 -3.30352 -3.30352 -3.30352 -3.30352 -3.30352 -3.30352 -3.30352 -3.30352
  -31.3799 -31.3799 -31.3799 -31.3799 -31.3799 -31.3799 -31.3799 -31.3799 -31.3799 -31.3799 -31.3799 -31.3799 -31.3799 -31.3799 -31.3799 -31.3799
  -34.0546 -34.0546 -34.0546 -34.0546 -34.0546 -34.0546 -34.0546 -34.0546 -34.0546 -34.0546 -34.0546 -34.0546 -34.0546 -34.0546 -34.0546 -34.0546

Gradient_W[85] =
  -11.6153 -11.6153 -11.6153 -11.6153 -11.6153 -11.6153 -11.6153 -11.6153 -11.6153 -11.6153 -11.6153 -11.6153 -11.6153 -11.6153 -11.6153 -11.6153
  24.6008 24.6008 24.6008 24.6008 24.6008 24.6008 24.6008 24.6008 24.6008 24.6008 24.6008 24.6008 24.6008 24.6008 24.6008 24.6008
  59.2563 59.2563 59.2563 59.2563 59.2563 59.2563 59.2563 59.2563 59.2563 59.2563 59.2563 59.2563 59.2563 59.2563 59.2563 59.2563

Gradient_W[86] =
  -14.8326 -14.8326 -14.8326 -14.8326 -14.8326 -14.8326 -14.8326 -14.8326 -14.8326 -14.8326 -14.8326 -14.8326 -14.8326 -14.8326 -14.8326 -14.8326
  7.53219 7.53219 7.53219 7.53219 7.53219 7.53219 7.53219 7.53219 7.53219 7.53219 7.53219 7.53219 7.53219 7.53219 7.53219 7.53219
  10.4852 10.4852 10.4852 10.4852 10.4852 10.4852 10.4852 10.4852 10.4852 10.4852 10.4852 10.4852 10.4852 10.4852 10.4852 10.4852

Gradient_W[87] =
  11.2444 11.2444 11.2444 11.2444 11.2444 11.2444 11.2444 11.2444 11.2444 11.2444 11.2444 11.2444 11.2444 11.2444 11.2444 11.2444
  35.047 35.047 35.047 35.047 35.047 35.047 35.047 35.047 35.047 35.047 35.047 35.047 35.047 35.047 35.047 35.047
  31.148 31.148 31.148 31.148 31.148 31.148 31.148 31.148 31.148 31.148 31.148 31.148 31.148 31.148 31.148 31.148

Gradient_W[88] =
  -2.78834 -2.78834 -2.78834 -2.78834 -2.78834 -2.78834 -2.78834 -2.78834 -2.78834 -2.78834 -2.78834 -2.78834 -2.78834 -2.78834 -2.78834 -2.78834
  19.4414 19.4414 19.4414 19.4414 19.4414 19.4414 19.4414 19.4414 19.4414 19.4414 19.4414 19.4414 19.4414 19.4414 19.4414 19.4414
  -9.16277 -9.16277 -9.16277 -9.16277 -9.16277 -9.16277 -9.16277 -9.16277 -9.16277 -9.16277 -9.16277 -9.16277 -9.16277 -9.16277 -9.16277 -9.16277

Gradient_W[89] =
  15.8635 15.8635 15.8635 15.8635 15.8635 15.8635 15.8635 15.8635 15.8635 15.8635 15.8635 15.8635 15.8635 15.8635 15.8635 15.8635
  -46.9026 -46.9026 -46.9026 -46.9026 -46.9026 -46.9026 -46.9026 -46.9026 -46.9026 -46.9026 -46.9026 -46.9026 -46.9026 -46.9026 -46.9026 -46.9026
  28.3614 28.3614 28.3614 28.3614 28.3614 28.3614 28.3614 28.3614 28.3614 28.3614 28.3614 28.3614 28.3614 28.3614 28.3614 28.3614

Gradient_W[90] =
  -25.8246 -25.8246 -25.8246 -25.8246 -25.8246 -25.8246 -25.8246 -25.8246 -25.8246 -25.8246 -25.8246 -25.8246 -25.8246 -25.8246 -25.8246 -25.8246
  -0.649079 -0.649079 -0.649079 -0.649079 -0.649079 -0.649079 -0.649079 -0.649079 -0.649079 -0.649079 -0.649079 -0.649079 -0.649079 -0.649079 -0.649079 -0.649079
  40.6032 40.6032 40.6032 40.6032 40.6032 40.6032 40.6032 40.6032 40.6032 40.6032 40.6032 40.6032 40.6032 40.6032 40.6032 40.6032

Gradient_W[91] =
  17.1292 17.1292 17.1292 17.1292 17.1292 17.1292 17.1292 17.1292 17.1292 17.1292 17.1292 17.1292 17.1292 17.1292 17.1292 17.1292
  -12.1606 -12.1606 -12.1606 -12.1606 -12.1606 -12.1606 -12.1606 -12.1606 -12.1606 -12.1606 -12.1606 -12.1606 -12.1606 -12.1606 -12.1606 -12.1606
  22.4535 22.4535 22.4535 22.4535 22.4535 22.4535 22.4535 22.4535 22.4535 22.4535 22.4535 22.4535 22.4535 22.4535 22.4535 22.4535

Gradient_W[92] =
  -55.4565 -55.4565 -55.4565 -55.4565 -55.4565 -55.4565 -55.4565 -55.4565 -55.4565 -55.4565 -55.4565 -55.4565 -55.4565 -55.4565 -55.4565 -55.4565
  12.2477 12.2477 12.2477 12.2477 12.2477 12.2477 12.2477 12.2477 12.2477 12.2477 12.2477 12.2477 12.2477 12.2477 12.2477 12.2477
  -10.0454 -10.0454 -10.0454 -10.0454 -10.0454 -10.0454 -10.0454 -10.0454 -10.0454 -10.0454 -10.0454 -10.0454 -10.0454 -10.0454 -10.0454 -10.0454

Gradient_W[93] =
  -22.8469 -22.8469 -22.8469 -22.8469 -22.8469 -22.8469 -22.8469 -22.8469 -22.8469 -22.8469 -22.8469 -22.8469 -22.8469 -22.8469 -22.8469 -22.8469
  7.89207 7.89207 7.89207 7.89207 7.89207 7.89207 7.89207 7.89207 7.89207 7.89207 7.89207 7.89207 7.89207 7.89207 7.89207 7.89207
  0.0815402 0.0815402 0.0815402 0.0815402 0.0815402 0.0815402 0.0815402 0.0815402 0.0815402 0.0815402 0.0815402 0.0815402 0.0815402 0.0815402 0.0815402 0.0815402

Gradient_W[94] =
  -19.5699 -19.5699 -19.5699 -19.5699 -19.5699 -19.5699 -19.5699 -19.5699 -19.5699 -19.5699 -19.5699 -19.5699 -19.5699 -19.5699 -19.5699 -19.5699
  -18.094 -18.094 -18.094 -18.094 -18.094 -18.094 -18.094 -18.094 -18.094 -18.094 -18.094 -18.094 -18.094 -18.094 -18.094 -18.094
  -15.5005 -15.5005 -15.5005 -15.5005 -15.5005 -15.5005 -15.5005 -15.5005 -15.5005 -15.5005 -15.5005 -15.5005 -15.5005 -15.5005 -15.5005 -15.5005

Gradient_W[95] =
  12.0248 12.0248 12.0248 12.0248 12.0248 12.0248 12.0248 12.0248 12.0248 12.0248 12.0248 12.0248 12.0248 12.0248 12.0248 12.0248
  0.605307 0.605307 0.605307 0.605307 0.605307 0.605307 0.605307 0.605307 0.605307 0.605307 0.605307 0.605307 0.605307 0.605307 0.605307 0.605307
  -34.236 -34.236 -34.236 -34.236 -34.236 -34.236 -34.236 -34.236 -34.236 -34.236 -34.236 -34.236 -34.236 -34.236 -34.236 -34.236

Gradient_W[96] =
  -30.4904 -30.4904 -30.4904 -30.4904 -30.4904 -30.4904 -30.4904 -30.4904 -30.4904 -30.4904 -30.4904 -30.4904 -30.4904 -30.4904 -30.4904 -30.4904
  14.4979 14.4979 14.4979 14.4979 14.4979 14.4979 14.4979 14.4979 14.4979 14.4979 14.4979 14.4979 14.4979 14.4979 14.4979 14.4979
  -1.83788 -1.83788 -1.83788 -1.83788 -1.83788 -1.83788 -1.83788 -1.83788 -1.83788 -1.83788 -1.83788 -1.83788 -1.83788 -1.83788 -1.83788 -1.83788

Gradient_W[97] =
  61.1202 61.1202 61.1202 61.1202 61.1202 61.1202 61.1202 61.1202 61.1202 61.1202 61.1202 61.1202 61.1202 61.1202 61.1202 61.1202
  27.77 27.77 27.77 27.77 27.77 27.77 27.77 27.77 27.77 27.77 27.77 27.77 27.77 27.77 27.77 27.77
  7.83769 7.83769 7.83769 7.83769 7.83769 7.83769 7.83769 7.83769 7.83769 7.83769 7.83769 7.83769 7.83769 7.83769 7.83769 7.83769

Gradient_W[98] =
  2.96858 2.96858 2.96858 2.96858 2.96858 2.96858 2.96858 2.96858 2.96858 2.96858 2.96858 2.96858 2.96858 2.96858 2.96858 2.96858
  -22.7828 -22.7828 -22.7828 -22.7828 -22.7828 -22.7828 -22.7828 -22.7828 -22.7828 -22.7828 -22.7828 -22.7828 -22.7828 -22.7828 -22.7828 -22.7828
  -50.2413 -50.2413 -50.2413 -50.2413 -50.2413 -50.2413 -50.2413 -50.2413 -50.2413 -50.2413 -50.2413 -50.2413 -50.2413 -50.2413 -50.2413 -50.2413

Gradient_W[99] =
  -9.87311 -9.87311 -9.87311 -9.87311 -9.87311 -9.87311 -9.87311 -9.87311 -9.87311 -9.87311 -9.87311 -9.87311 -9.87311 -9.87311 -9.87311 -9.87311
  29.7687 29.7687 29.7687 29.7687 29.7687 29.7687 29.7687 29.7687 29.7687 29.7687 29.7687 29.7687 29.7687 29.7687 29.7687 29.7687
  9.50962 9.50962 9.50962 9.50962 9.50962 9.50962 9.50962 9.50962 9.50962 9.50962 9.50962 9.50962 9.50962 9.50962 9.50962 9.50962

